Record Length,2500,Points,-24.99999851E-3,-36.00000000,,Record Length,2500,Points,-24.99999851E-3,-5.59999990,
Sample Interval,19.9999995E-6,s,-24.97999929E-3,-36.00000000,,Sample Interval,19.9999995E-6,s,-24.97999929E-3,-5.59999990,
Trigger Point,1.2500000E3,Samples,-24.95999821E-3,-36.00000000,,Trigger Point,1.2500000E3,Samples,-24.95999821E-3,-5.59999990,
,,,-24.93999898E-3,-36.00000000,,,,,-24.93999898E-3,-5.59999990,
,,,-24.91999790E-3,-36.00000000,,,,,-24.91999790E-3,-5.59999990,
,,,-24.89999868E-3,-36.79999924,,,,,-24.89999868E-3,-5.59999990,
Source,CH1,,-24.87999760E-3,-36.79999924,,Source,CH2,,-24.87999760E-3,-5.59999990,
Vertical Units,Volts,,-24.85999838E-3,-36.00000000,,Vertical Units,Volts,,-24.85999838E-3,-5.59999990,
Vertical Scale,20.0000003,,-24.83999915E-3,-36.79999924,,Vertical Scale,2.0000000,,-24.83999915E-3,-5.59999990,
Vertical Offset,0,,-24.81999807E-3,-36.00000000,,Vertical Offset,0,,-24.81999807E-3,-5.59999990,
Horizontal Units,s,,-24.79999885E-3,-36.79999924,,Horizontal Units,s,,-24.79999885E-3,-5.59999990,
Horizontal Scale,4.99999987E-3,,-24.77999777E-3,-36.79999924,,Horizontal Scale,4.99999987E-3,,-24.77999777E-3,-5.59999990,
Pt Fmt,Y,,-24.75999855E-3,-36.79999924,,Pt Fmt,Y,,-24.75999855E-3,-5.59999990,
Yzero,0.0,,-24.73999932E-3,-36.79999924,,Yzero,0.0,,-24.73999932E-3,-5.59999990,
Probe Atten,10.0000000,,-24.71999824E-3,-36.00000000,,Probe Atten,10.0000000,,-24.71999824E-3,-5.59999990,
,,,-24.69999902E-3,-36.79999924,,,,,-24.69999902E-3,-5.59999990,
Note,TBS 1052B-EDU - 16:48:03   13/11/2024,,-24.67999794E-3,-36.00000000,,Note,TBS 1052B-EDU - 16:48:03   13/11/2024,,-24.67999794E-3,-5.59999990,
,,,-24.65999871E-3,-36.00000000,,,,,-24.65999871E-3,-5.59999990,
,,,-24.63999763E-3,-36.79999924,,,,,-24.63999763E-3,-5.59999990,
,,,-24.61999841E-3,-36.00000000,,,,,-24.61999841E-3,-5.59999990,
,,,-24.59999919E-3,-36.00000000,,,,,-24.59999919E-3,-5.59999990,
,,,-24.57999811E-3,-36.00000000,,,,,-24.57999811E-3,-5.59999990,
,,,-24.55999888E-3,-36.00000000,,,,,-24.55999888E-3,-5.59999990,
,,,-24.53999780E-3,-36.00000000,,,,,-24.53999780E-3,-5.59999990,
,,,-24.51999858E-3,-36.00000000,,,,,-24.51999858E-3,-5.59999990,
,,,-24.49999936E-3,-36.00000000,,,,,-24.49999936E-3,-5.59999990,
,,,-24.47999828E-3,-36.00000000,,,,,-24.47999828E-3,-5.59999990,
,,,-24.45999905E-3,-36.00000000,,,,,-24.45999905E-3,-5.59999990,
,,,-24.43999797E-3,-36.00000000,,,,,-24.43999797E-3,-5.59999990,
,,,-24.41999875E-3,-36.00000000,,,,,-24.41999875E-3,-5.59999990,
,,,-24.39999767E-3,-36.00000000,,,,,-24.39999767E-3,-5.59999990,
,,,-24.37999845E-3,-36.00000000,,,,,-24.37999845E-3,-5.59999990,
,,,-24.35999922E-3,-36.00000000,,,,,-24.35999922E-3,-5.59999990,
,,,-24.33999814E-3,-36.00000000,,,,,-24.33999814E-3,-5.59999990,
,,,-24.31999892E-3,-36.00000000,,,,,-24.31999892E-3,-5.59999990,
,,,-24.29999784E-3,-36.00000000,,,,,-24.29999784E-3,-5.59999990,
,,,-24.27999862E-3,-36.00000000,,,,,-24.27999862E-3,-5.59999990,
,,,-24.25999939E-3,-36.00000000,,,,,-24.25999939E-3,-5.59999990,
,,,-24.23999831E-3,-35.20000076,,,,,-24.23999831E-3,-5.59999990,
,,,-24.21999909E-3,-35.20000076,,,,,-24.21999909E-3,-5.59999990,
,,,-24.19999801E-3,-35.20000076,,,,,-24.19999801E-3,-5.59999990,
,,,-24.17999879E-3,-35.20000076,,,,,-24.17999879E-3,-5.59999990,
,,,-24.15999770E-3,-35.20000076,,,,,-24.15999770E-3,-5.59999990,
,,,-24.13999848E-3,-35.20000076,,,,,-24.13999848E-3,-5.59999990,
,,,-24.11999926E-3,-35.20000076,,,,,-24.11999926E-3,-5.59999990,
,,,-24.09999818E-3,-35.20000076,,,,,-24.09999818E-3,-5.59999990,
,,,-24.07999896E-3,-35.20000076,,,,,-24.07999896E-3,-5.59999990,
,,,-24.05999787E-3,-35.20000076,,,,,-24.05999787E-3,-5.59999990,
,,,-24.03999865E-3,-34.40000153,,,,,-24.03999865E-3,-5.59999990,
,,,-24.01999943E-3,-34.40000153,,,,,-24.01999943E-3,-5.59999990,
,,,-23.99999835E-3,-34.40000153,,,,,-23.99999835E-3,-5.59999990,
,,,-23.97999913E-3,-34.40000153,,,,,-23.97999913E-3,-5.59999990,
,,,-23.95999804E-3,-34.40000153,,,,,-23.95999804E-3,-5.59999990,
,,,-23.93999882E-3,-34.40000153,,,,,-23.93999882E-3,-5.59999990,
,,,-23.91999774E-3,-34.40000153,,,,,-23.91999774E-3,-5.59999990,
,,,-23.89999852E-3,-33.60000229,,,,,-23.89999852E-3,-5.59999990,
,,,-23.87999929E-3,-33.60000229,,,,,-23.87999929E-3,-5.59999990,
,,,-23.85999821E-3,-33.60000229,,,,,-23.85999821E-3,-5.59999990,
,,,-23.83999899E-3,-33.60000229,,,,,-23.83999899E-3,-5.59999990,
,,,-23.81999791E-3,-33.60000229,,,,,-23.81999791E-3,-5.51999998,
,,,-23.79999869E-3,-33.60000229,,,,,-23.79999869E-3,-5.51999998,
,,,-23.77999946E-3,-33.60000229,,,,,-23.77999946E-3,-5.51999998,
,,,-23.75999838E-3,-32.79999924,,,,,-23.75999838E-3,-5.51999998,
,,,-23.73999916E-3,-32.79999924,,,,,-23.73999916E-3,-5.51999998,
,,,-23.71999808E-3,-32.79999924,,,,,-23.71999808E-3,-5.51999998,
,,,-23.69999886E-3,-32.79999924,,,,,-23.69999886E-3,-5.51999998,
,,,-23.67999777E-3,-32.79999924,,,,,-23.67999777E-3,-5.51999998,
,,,-23.65999855E-3,-32.79999924,,,,,-23.65999855E-3,-5.51999998,
,,,-23.63999933E-3,-32.00000000,,,,,-23.63999933E-3,-5.51999998,
,,,-23.61999825E-3,-32.00000000,,,,,-23.61999825E-3,-5.51999998,
,,,-23.59999903E-3,-32.00000000,,,,,-23.59999903E-3,-5.51999998,
,,,-23.57999794E-3,-32.00000000,,,,,-23.57999794E-3,-5.51999998,
,,,-23.55999872E-3,-32.00000000,,,,,-23.55999872E-3,-5.51999998,
,,,-23.53999764E-3,-31.20000076,,,,,-23.53999764E-3,-5.51999998,
,,,-23.51999842E-3,-31.20000076,,,,,-23.51999842E-3,-5.44000006,
,,,-23.49999920E-3,-31.20000076,,,,,-23.49999920E-3,-5.44000006,
,,,-23.47999811E-3,-31.20000076,,,,,-23.47999811E-3,-5.44000006,
,,,-23.45999889E-3,-31.20000076,,,,,-23.45999889E-3,-5.44000006,
,,,-23.43999781E-3,-31.20000076,,,,,-23.43999781E-3,-5.44000006,
,,,-23.41999859E-3,-30.39999962,,,,,-23.41999859E-3,-5.44000006,
,,,-23.39999937E-3,-30.39999962,,,,,-23.39999937E-3,-5.44000006,
,,,-23.37999828E-3,-30.39999962,,,,,-23.37999828E-3,-5.44000006,
,,,-23.35999906E-3,-30.39999962,,,,,-23.35999906E-3,-5.44000006,
,,,-23.33999798E-3,-29.60000038,,,,,-23.33999798E-3,-5.44000006,
,,,-23.31999876E-3,-29.60000038,,,,,-23.31999876E-3,-5.44000006,
,,,-23.29999767E-3,-29.60000038,,,,,-23.29999767E-3,-5.44000006,
,,,-23.27999845E-3,-29.60000038,,,,,-23.27999845E-3,-5.35999966,
,,,-23.25999923E-3,-29.60000038,,,,,-23.25999923E-3,-5.35999966,
,,,-23.23999815E-3,-28.80000114,,,,,-23.23999815E-3,-5.35999966,
,,,-23.21999893E-3,-28.80000114,,,,,-23.21999893E-3,-5.35999966,
,,,-23.19999784E-3,-28.80000114,,,,,-23.19999784E-3,-5.35999966,
,,,-23.17999862E-3,-28.80000114,,,,,-23.17999862E-3,-5.35999966,
,,,-23.15999940E-3,-28.00000000,,,,,-23.15999940E-3,-5.35999966,
,,,-23.13999832E-3,-28.00000000,,,,,-23.13999832E-3,-5.35999966,
,,,-23.11999910E-3,-28.00000000,,,,,-23.11999910E-3,-5.27999973,
,,,-23.09999801E-3,-28.00000000,,,,,-23.09999801E-3,-5.27999973,
,,,-23.07999879E-3,-28.00000000,,,,,-23.07999879E-3,-5.27999973,
,,,-23.05999771E-3,-27.20000076,,,,,-23.05999771E-3,-5.27999973,
,,,-23.03999849E-3,-27.20000076,,,,,-23.03999849E-3,-5.27999973,
,,,-23.01999927E-3,-27.20000076,,,,,-23.01999927E-3,-5.27999973,
,,,-22.99999818E-3,-27.20000076,,,,,-22.99999818E-3,-5.27999973,
,,,-22.97999896E-3,-26.39999962,,,,,-22.97999896E-3,-5.27999973,
,,,-22.95999788E-3,-26.39999962,,,,,-22.95999788E-3,-5.19999981,
,,,-22.93999866E-3,-26.39999962,,,,,-22.93999866E-3,-5.19999981,
,,,-22.91999944E-3,-26.39999962,,,,,-22.91999944E-3,-5.19999981,
,,,-22.89999835E-3,-25.60000038,,,,,-22.89999835E-3,-5.19999981,
,,,-22.87999913E-3,-25.60000038,,,,,-22.87999913E-3,-5.19999981,
,,,-22.85999805E-3,-25.60000038,,,,,-22.85999805E-3,-5.19999981,
,,,-22.83999883E-3,-25.60000038,,,,,-22.83999883E-3,-5.19999981,
,,,-22.81999774E-3,-24.80000114,,,,,-22.81999774E-3,-5.11999989,
,,,-22.79999852E-3,-24.80000114,,,,,-22.79999852E-3,-5.11999989,
,,,-22.77999930E-3,-24.80000114,,,,,-22.77999930E-3,-5.11999989,
,,,-22.75999822E-3,-24.80000114,,,,,-22.75999822E-3,-5.11999989,
,,,-22.73999900E-3,-24.00000000,,,,,-22.73999900E-3,-5.11999989,
,,,-22.71999791E-3,-24.00000000,,,,,-22.71999791E-3,-5.11999989,
,,,-22.69999869E-3,-24.00000000,,,,,-22.69999869E-3,-5.03999996,
,,,-22.67999947E-3,-24.00000000,,,,,-22.67999947E-3,-5.03999996,
,,,-22.65999839E-3,-23.20000076,,,,,-22.65999839E-3,-5.03999996,
,,,-22.63999917E-3,-23.20000076,,,,,-22.63999917E-3,-5.03999996,
,,,-22.61999808E-3,-23.20000076,,,,,-22.61999808E-3,-5.03999996,
,,,-22.59999886E-3,-23.20000076,,,,,-22.59999886E-3,-5.03999996,
,,,-22.57999778E-3,-22.39999962,,,,,-22.57999778E-3,-5.03999996,
,,,-22.55999856E-3,-22.39999962,,,,,-22.55999856E-3,-4.96000004,
,,,-22.53999934E-3,-22.39999962,,,,,-22.53999934E-3,-4.96000004,
,,,-22.51999825E-3,-22.39999962,,,,,-22.51999825E-3,-4.96000004,
,,,-22.49999903E-3,-21.60000038,,,,,-22.49999903E-3,-4.96000004,
,,,-22.47999795E-3,-21.60000038,,,,,-22.47999795E-3,-4.96000004,
,,,-22.45999873E-3,-21.60000038,,,,,-22.45999873E-3,-4.96000004,
,,,-22.43999764E-3,-20.80000114,,,,,-22.43999764E-3,-4.88000011,
,,,-22.41999842E-3,-20.80000114,,,,,-22.41999842E-3,-4.88000011,
,,,-22.39999920E-3,-20.80000114,,,,,-22.39999920E-3,-4.88000011,
,,,-22.37999812E-3,-20.80000114,,,,,-22.37999812E-3,-4.88000011,
,,,-22.35999890E-3,-20.0000000,,,,,-22.35999890E-3,-4.88000011,
,,,-22.33999781E-3,-20.0000000,,,,,-22.33999781E-3,-4.79999971,
,,,-22.31999859E-3,-20.0000000,,,,,-22.31999859E-3,-4.79999971,
,,,-22.29999937E-3,-20.0000000,,,,,-22.29999937E-3,-4.79999971,
,,,-22.27999829E-3,-20.0000000,,,,,-22.27999829E-3,-4.79999971,
,,,-22.25999907E-3,-19.2000008,,,,,-22.25999907E-3,-4.79999971,
,,,-22.23999798E-3,-19.2000008,,,,,-22.23999798E-3,-4.79999971,
,,,-22.21999876E-3,-19.2000008,,,,,-22.21999876E-3,-4.71999979,
,,,-22.19999768E-3,-18.3999996,,,,,-22.19999768E-3,-4.71999979,
,,,-22.17999846E-3,-18.3999996,,,,,-22.17999846E-3,-4.71999979,
,,,-22.15999924E-3,-18.3999996,,,,,-22.15999924E-3,-4.71999979,
,,,-22.13999815E-3,-18.3999996,,,,,-22.13999815E-3,-4.63999987,
,,,-22.11999893E-3,-17.6000004,,,,,-22.11999893E-3,-4.63999987,
,,,-22.09999785E-3,-17.6000004,,,,,-22.09999785E-3,-4.63999987,
,,,-22.07999863E-3,-17.6000004,,,,,-22.07999863E-3,-4.63999987,
,,,-22.05999941E-3,-16.8000011,,,,,-22.05999941E-3,-4.55999994,
,,,-22.03999832E-3,-16.8000011,,,,,-22.03999832E-3,-4.55999994,
,,,-22.01999910E-3,-16.8000011,,,,,-22.01999910E-3,-4.55999994,
,,,-21.99999802E-3,-16.8000011,,,,,-21.99999802E-3,-4.55999994,
,,,-21.97999880E-3,-16.0000000,,,,,-21.97999880E-3,-4.48000002,
,,,-21.95999771E-3,-16.0000000,,,,,-21.95999771E-3,-4.48000002,
,,,-21.93999849E-3,-16.0000000,,,,,-21.93999849E-3,-4.48000002,
,,,-21.91999927E-3,-16.0000000,,,,,-21.91999927E-3,-4.40000010,
,,,-21.89999819E-3,-15.1999998,,,,,-21.89999819E-3,-4.40000010,
,,,-21.87999897E-3,-15.1999998,,,,,-21.87999897E-3,-4.40000010,
,,,-21.85999788E-3,-15.1999998,,,,,-21.85999788E-3,-4.31999969,
,,,-21.83999866E-3,-15.1999998,,,,,-21.83999866E-3,-4.31999969,
,,,-21.81999944E-3,-14.4000006,,,,,-21.81999944E-3,-4.31999969,
,,,-21.79999836E-3,-14.4000006,,,,,-21.79999836E-3,-4.31999969,
,,,-21.77999914E-3,-14.4000006,,,,,-21.77999914E-3,-4.23999977,
,,,-21.75999805E-3,-13.6000004,,,,,-21.75999805E-3,-4.23999977,
,,,-21.73999883E-3,-13.6000004,,,,,-21.73999883E-3,-4.23999977,
,,,-21.71999775E-3,-13.6000004,,,,,-21.71999775E-3,-4.23999977,
,,,-21.69999853E-3,-12.8000002,,,,,-21.69999853E-3,-4.15999985,
,,,-21.67999931E-3,-12.8000002,,,,,-21.67999931E-3,-4.15999985,
,,,-21.65999822E-3,-12.8000002,,,,,-21.65999822E-3,-4.15999985,
,,,-21.63999900E-3,-12.8000002,,,,,-21.63999900E-3,-4.15999985,
,,,-21.61999792E-3,-12.8000002,,,,,-21.61999792E-3,-4.07999992,
,,,-21.59999870E-3,-12.0000000,,,,,-21.59999870E-3,-4.07999992,
,,,-21.57999948E-3,-12.0000000,,,,,-21.57999948E-3,-4.07999992,
,,,-21.55999839E-3,-12.0000000,,,,,-21.55999839E-3,-4.00000000,
,,,-21.53999917E-3,-11.1999998,,,,,-21.53999917E-3,-4.00000000,
,,,-21.51999809E-3,-11.1999998,,,,,-21.51999809E-3,-4.00000000,
,,,-21.49999887E-3,-11.1999998,,,,,-21.49999887E-3,-3.91999984,
,,,-21.47999778E-3,-11.1999998,,,,,-21.47999778E-3,-3.91999984,
,,,-21.45999856E-3,-10.4000006,,,,,-21.45999856E-3,-3.91999984,
,,,-21.43999934E-3,-10.4000006,,,,,-21.43999934E-3,-3.83999991,
,,,-21.41999826E-3,-10.4000006,,,,,-21.41999826E-3,-3.83999991,
,,,-21.39999904E-3,-10.4000006,,,,,-21.39999904E-3,-3.83999991,
,,,-21.37999795E-3,-9.600000381,,,,,-21.37999795E-3,-3.75999999,
,,,-21.35999873E-3,-9.600000381,,,,,-21.35999873E-3,-3.75999999,
,,,-21.33999951E-3,-9.600000381,,,,,-21.33999951E-3,-3.75999999,
,,,-21.31999843E-3,-9.600000381,,,,,-21.31999843E-3,-3.75999999,
,,,-21.29999921E-3,-8.800000191,,,,,-21.29999921E-3,-3.67999983,
,,,-21.27999812E-3,-8.800000191,,,,,-21.27999812E-3,-3.67999983,
,,,-21.25999890E-3,-8.800000191,,,,,-21.25999890E-3,-3.59999990,
,,,-21.23999782E-3,-8.800000191,,,,,-21.23999782E-3,-3.59999990,
,,,-21.21999860E-3,-8.000000000,,,,,-21.21999860E-3,-3.59999990,
,,,-21.19999938E-3,-8.000000000,,,,,-21.19999938E-3,-3.51999998,
,,,-21.17999829E-3,-8.000000000,,,,,-21.17999829E-3,-3.51999998,
,,,-21.15999907E-3,-8.000000000,,,,,-21.15999907E-3,-3.51999998,
,,,-21.13999799E-3,-7.20000029,,,,,-21.13999799E-3,-3.43999982,
,,,-21.11999877E-3,-7.20000029,,,,,-21.11999877E-3,-3.43999982,
,,,-21.09999768E-3,-7.20000029,,,,,-21.09999768E-3,-3.43999982,
,,,-21.07999846E-3,-7.20000029,,,,,-21.07999846E-3,-3.35999990,
,,,-21.05999924E-3,-6.40000010,,,,,-21.05999924E-3,-3.35999990,
,,,-21.03999816E-3,-6.40000010,,,,,-21.03999816E-3,-3.35999990,
,,,-21.01999894E-3,-6.40000010,,,,,-21.01999894E-3,-3.27999997,
,,,-20.99999785E-3,-5.59999990,,,,,-20.99999785E-3,-3.27999997,
,,,-20.97999863E-3,-5.59999990,,,,,-20.97999863E-3,-3.27999997,
,,,-20.95999941E-3,-5.59999990,,,,,-20.95999941E-3,-3.19999981,
,,,-20.93999833E-3,-5.59999990,,,,,-20.93999833E-3,-3.19999981,
,,,-20.91999911E-3,-5.59999990,,,,,-20.91999911E-3,-3.11999989,
,,,-20.89999802E-3,-4.80000019,,,,,-20.89999802E-3,-3.11999989,
,,,-20.87999880E-3,-4.80000019,,,,,-20.87999880E-3,-3.11999989,
,,,-20.85999772E-3,-4.80000019,,,,,-20.85999772E-3,-3.03999996,
,,,-20.83999850E-3,-4.80000019,,,,,-20.83999850E-3,-3.03999996,
,,,-20.81999928E-3,-4.00000000,,,,,-20.81999928E-3,-2.96000004,
,,,-20.79999819E-3,-4.00000000,,,,,-20.79999819E-3,-2.96000004,
,,,-20.77999897E-3,-4.00000000,,,,,-20.77999897E-3,-2.87999988,
,,,-20.75999789E-3,-4.00000000,,,,,-20.75999789E-3,-2.87999988,
,,,-20.73999867E-3,-3.20000005,,,,,-20.73999867E-3,-2.87999988,
,,,-20.71999945E-3,-3.20000005,,,,,-20.71999945E-3,-2.87999988,
,,,-20.69999836E-3,-3.20000005,,,,,-20.69999836E-3,-2.79999995,
,,,-20.67999914E-3,-3.20000005,,,,,-20.67999914E-3,-2.79999995,
,,,-20.65999806E-3,-2.4000001,,,,,-20.65999806E-3,-2.72000003,
,,,-20.63999884E-3,-2.4000001,,,,,-20.63999884E-3,-2.72000003,
,,,-20.61999775E-3,-2.4000001,,,,,-20.61999775E-3,-2.6399999,
,,,-20.59999853E-3,-2.4000001,,,,,-20.59999853E-3,-2.6399999,
,,,-20.57999931E-3,-1.6000000,,,,,-20.57999931E-3,-2.6399999,
,,,-20.55999823E-3,-1.6000000,,,,,-20.55999823E-3,-2.6399999,
,,,-20.53999901E-3,-1.6000000,,,,,-20.53999901E-3,-2.5599999,
,,,-20.51999792E-3,-1.6000000,,,,,-20.51999792E-3,-2.5599999,
,,,-20.49999870E-3,-800.000011921E-3,,,,,-20.49999870E-3,-2.4800000,
,,,-20.47999948E-3,-800.000011921E-3,,,,,-20.47999948E-3,-2.4800000,
,,,-20.45999840E-3,-800.000011921E-3,,,,,-20.45999840E-3,-2.3999999,
,,,-20.43999918E-3,-800.000011921E-3,,,,,-20.43999918E-3,-2.3999999,
,,,-20.41999809E-3,0.0,,,,,-20.41999809E-3,-2.3999999,
,,,-20.39999887E-3,0.0,,,,,-20.39999887E-3,-2.3199999,
,,,-20.37999779E-3,0.0,,,,,-20.37999779E-3,-2.3199999,
,,,-20.35999857E-3,0.0,,,,,-20.35999857E-3,-2.2400000,
,,,-20.33999935E-3,800.000011921E-3,,,,,-20.33999935E-3,-2.2400000,
,,,-20.31999826E-3,800.000011921E-3,,,,,-20.31999826E-3,-2.1599998,
,,,-20.29999904E-3,800.000011921E-3,,,,,-20.29999904E-3,-2.1599998,
,,,-20.27999796E-3,800.000011921E-3,,,,,-20.27999796E-3,-2.1599998,
,,,-20.25999874E-3,1.6000000,,,,,-20.25999874E-3,-2.0799999,
,,,-20.23999952E-3,1.6000000,,,,,-20.23999952E-3,-2.0799999,
,,,-20.21999843E-3,1.6000000,,,,,-20.21999843E-3,-2.0000000,
,,,-20.19999921E-3,1.6000000,,,,,-20.19999921E-3,-2.0000000,
,,,-20.17999813E-3,1.6000000,,,,,-20.17999813E-3,-1.9200000,
,,,-20.15999891E-3,2.4000001,,,,,-20.15999891E-3,-1.9200000,
,,,-20.13999783E-3,2.4000001,,,,,-20.13999783E-3,-1.8399999,
,,,-20.11999860E-3,2.4000001,,,,,-20.11999860E-3,-1.8399999,
,,,-20.09999938E-3,2.4000001,,,,,-20.09999938E-3,-1.8399999,
,,,-20.0799983E-3,2.4000001,,,,,-20.0799983E-3,-1.7600000,
,,,-20.0599991E-3,3.20000005,,,,,-20.0599991E-3,-1.7600000,
,,,-20.0399980E-3,3.20000005,,,,,-20.0399980E-3,-1.6799999,
,,,-20.0199988E-3,3.20000005,,,,,-20.0199988E-3,-1.6799999,
,,,-19.9999996E-3,3.20000005,,,,,-19.9999996E-3,-1.5999999,
,,,-19.9799985E-3,3.20000005,,,,,-19.9799985E-3,-1.5999999,
,,,-19.9599992E-3,4.00000000,,,,,-19.9599992E-3,-1.5200000,
,,,-19.9399982E-3,4.00000000,,,,,-19.9399982E-3,-1.5200000,
,,,-19.9199989E-3,4.00000000,,,,,-19.9199989E-3,-1.4399999,
,,,-19.8999979E-3,4.00000000,,,,,-19.8999979E-3,-1.4399999,
,,,-19.8799986E-3,4.80000019,,,,,-19.8799986E-3,-1.3600000,
,,,-19.8599994E-3,4.80000019,,,,,-19.8599994E-3,-1.3600000,
,,,-19.8399983E-3,4.80000019,,,,,-19.8399983E-3,-1.2800000,
,,,-19.8199991E-3,4.80000019,,,,,-19.8199991E-3,-1.2800000,
,,,-19.7999980E-3,5.59999990,,,,,-19.7999980E-3,-1.1999999,
,,,-19.7799988E-3,5.59999990,,,,,-19.7799988E-3,-1.1999999,
,,,-19.7599977E-3,5.59999990,,,,,-19.7599977E-3,-1.1200000,
,,,-19.7399985E-3,5.59999990,,,,,-19.7399985E-3,-1.1200000,
,,,-19.7199993E-3,5.59999990,,,,,-19.7199993E-3,-1.0400000,
,,,-19.6999982E-3,6.40000010,,,,,-19.6999982E-3,-1.0400000,
,,,-19.6799990E-3,6.40000010,,,,,-19.6799990E-3,-1.0400000,
,,,-19.6599979E-3,6.40000010,,,,,-19.6599979E-3,-959.999978542E-3,
,,,-19.6399987E-3,6.40000010,,,,,-19.6399987E-3,-959.999978542E-3,
,,,-19.6199995E-3,7.20000029,,,,,-19.6199995E-3,-879.999995232E-3,
,,,-19.5999984E-3,7.20000029,,,,,-19.5999984E-3,-879.999995232E-3,
,,,-19.5799991E-3,7.20000029,,,,,-19.5799991E-3,-799.999952316E-3,
,,,-19.5599981E-3,7.20000029,,,,,-19.5599981E-3,-799.999952316E-3,
,,,-19.5399988E-3,7.20000029,,,,,-19.5399988E-3,-719.999969006E-3,
,,,-19.5199978E-3,7.20000029,,,,,-19.5199978E-3,-719.999969006E-3,
,,,-19.4999985E-3,8.000000000,,,,,-19.4999985E-3,-639.999985695E-3,
,,,-19.4799993E-3,8.000000000,,,,,-19.4799993E-3,-560.000002384E-3,
,,,-19.4599982E-3,8.000000000,,,,,-19.4599982E-3,-560.000002384E-3,
,,,-19.4399990E-3,8.000000000,,,,,-19.4399990E-3,-479.999989271E-3,
,,,-19.4199979E-3,8.800000191,,,,,-19.4199979E-3,-479.999989271E-3,
,,,-19.3999987E-3,8.800000191,,,,,-19.3999987E-3,-399.99997616E-3,
,,,-19.3799995E-3,8.800000191,,,,,-19.3799995E-3,-399.99997616E-3,
,,,-19.3599984E-3,8.800000191,,,,,-19.3599984E-3,-319.99999285E-3,
,,,-19.3399992E-3,8.800000191,,,,,-19.3399992E-3,-319.99999285E-3,
,,,-19.3199981E-3,8.800000191,,,,,-19.3199981E-3,-239.99999464E-3,
,,,-19.2999989E-3,9.600000381,,,,,-19.2999989E-3,-239.99999464E-3,
,,,-19.2799978E-3,9.600000381,,,,,-19.2799978E-3,-159.99999642E-3,
,,,-19.2599986E-3,9.600000381,,,,,-19.2599986E-3,-159.99999642E-3,
,,,-19.2399994E-3,9.600000381,,,,,-19.2399994E-3,-79.999998212E-3,
,,,-19.2199983E-3,9.600000381,,,,,-19.2199983E-3,0.0,
,,,-19.1999990E-3,9.600000381,,,,,-19.1999990E-3,0.0,
,,,-19.1799980E-3,9.600000381,,,,,-19.1799980E-3,0.0,
,,,-19.1599987E-3,10.4000006,,,,,-19.1599987E-3,79.999998212E-3,
,,,-19.1399995E-3,10.4000006,,,,,-19.1399995E-3,159.99999642E-3,
,,,-19.1199984E-3,10.4000006,,,,,-19.1199984E-3,159.99999642E-3,
,,,-19.0999992E-3,10.4000006,,,,,-19.0999992E-3,239.99999464E-3,
,,,-19.0799981E-3,10.4000006,,,,,-19.0799981E-3,239.99999464E-3,
,,,-19.0599989E-3,10.4000006,,,,,-19.0599989E-3,319.99999285E-3,
,,,-19.0399978E-3,11.1999998,,,,,-19.0399978E-3,319.99999285E-3,
,,,-19.0199986E-3,11.1999998,,,,,-19.0199986E-3,399.99997616E-3,
,,,-18.9999994E-3,11.1999998,,,,,-18.9999994E-3,399.99997616E-3,
,,,-18.9799983E-3,11.1999998,,,,,-18.9799983E-3,479.999989271E-3,
,,,-18.9599991E-3,11.1999998,,,,,-18.9599991E-3,479.999989271E-3,
,,,-18.9399980E-3,11.1999998,,,,,-18.9399980E-3,560.000002384E-3,
,,,-18.9199988E-3,12.0000000,,,,,-18.9199988E-3,560.000002384E-3,
,,,-18.8999996E-3,12.0000000,,,,,-18.8999996E-3,639.999985695E-3,
,,,-18.8799985E-3,12.0000000,,,,,-18.8799985E-3,639.999985695E-3,
,,,-18.8599993E-3,12.0000000,,,,,-18.8599993E-3,719.999969006E-3,
,,,-18.8399982E-3,12.0000000,,,,,-18.8399982E-3,719.999969006E-3,
,,,-18.8199989E-3,12.8000002,,,,,-18.8199989E-3,799.999952316E-3,
,,,-18.7999979E-3,12.8000002,,,,,-18.7999979E-3,799.999952316E-3,
,,,-18.7799986E-3,12.8000002,,,,,-18.7799986E-3,879.999995232E-3,
,,,-18.7599994E-3,12.8000002,,,,,-18.7599994E-3,879.999995232E-3,
,,,-18.7399983E-3,12.8000002,,,,,-18.7399983E-3,959.999978542E-3,
,,,-18.7199991E-3,12.8000002,,,,,-18.7199991E-3,1.0400000,
,,,-18.6999980E-3,13.6000004,,,,,-18.6999980E-3,1.0400000,
,,,-18.6799988E-3,13.6000004,,,,,-18.6799988E-3,1.1200000,
,,,-18.6599996E-3,13.6000004,,,,,-18.6599996E-3,1.1200000,
,,,-18.6399985E-3,13.6000004,,,,,-18.6399985E-3,1.1999999,
,,,-18.6199993E-3,13.6000004,,,,,-18.6199993E-3,1.1999999,
,,,-18.5999982E-3,14.4000006,,,,,-18.5999982E-3,1.2800000,
,,,-18.5799990E-3,14.4000006,,,,,-18.5799990E-3,1.2800000,
,,,-18.5599979E-3,14.4000006,,,,,-18.5599979E-3,1.2800000,
,,,-18.5399987E-3,14.4000006,,,,,-18.5399987E-3,1.3600000,
,,,-18.5199995E-3,14.4000006,,,,,-18.5199995E-3,1.3600000,
,,,-18.4999984E-3,14.4000006,,,,,-18.4999984E-3,1.4399999,
,,,-18.4799992E-3,15.1999998,,,,,-18.4799992E-3,1.5200000,
,,,-18.4599981E-3,15.1999998,,,,,-18.4599981E-3,1.5200000,
,,,-18.4399989E-3,15.1999998,,,,,-18.4399989E-3,1.5999999,
,,,-18.4199978E-3,15.1999998,,,,,-18.4199978E-3,1.5999999,
,,,-18.3999985E-3,15.1999998,,,,,-18.3999985E-3,1.6799999,
,,,-18.3799993E-3,16.0000000,,,,,-18.3799993E-3,1.6799999,
,,,-18.3599982E-3,16.0000000,,,,,-18.3599982E-3,1.7600000,
,,,-18.3399990E-3,16.0000000,,,,,-18.3399990E-3,1.8399999,
,,,-18.3199979E-3,16.0000000,,,,,-18.3199979E-3,1.8399999,
,,,-18.2999987E-3,16.0000000,,,,,-18.2999987E-3,1.9200000,
,,,-18.2799995E-3,16.0000000,,,,,-18.2799995E-3,1.9200000,
,,,-18.2599984E-3,16.8000011,,,,,-18.2599984E-3,1.9200000,
,,,-18.2399992E-3,16.8000011,,,,,-18.2399992E-3,2.0000000,
,,,-18.2199981E-3,16.8000011,,,,,-18.2199981E-3,2.0799999,
,,,-18.1999989E-3,16.8000011,,,,,-18.1999989E-3,2.0799999,
,,,-18.1799978E-3,16.8000011,,,,,-18.1799978E-3,2.0799999,
,,,-18.1599986E-3,17.6000004,,,,,-18.1599986E-3,2.1599998,
,,,-18.1399994E-3,17.6000004,,,,,-18.1399994E-3,2.1599998,
,,,-18.1199983E-3,17.6000004,,,,,-18.1199983E-3,2.2400000,
,,,-18.0999991E-3,17.6000004,,,,,-18.0999991E-3,2.2400000,
,,,-18.0799980E-3,17.6000004,,,,,-18.0799980E-3,2.3199999,
,,,-18.0599988E-3,17.6000004,,,,,-18.0599988E-3,2.3199999,
,,,-18.0399995E-3,18.3999996,,,,,-18.0399995E-3,2.3999999,
,,,-18.0199984E-3,18.3999996,,,,,-18.0199984E-3,2.3999999,
,,,-17.9999992E-3,18.3999996,,,,,-17.9999992E-3,2.4800000,
,,,-17.9799981E-3,18.3999996,,,,,-17.9799981E-3,2.4800000,
,,,-17.9599989E-3,18.3999996,,,,,-17.9599989E-3,2.5599999,
,,,-17.9399978E-3,19.2000008,,,,,-17.9399978E-3,2.5599999,
,,,-17.9199986E-3,19.2000008,,,,,-17.9199986E-3,2.5599999,
,,,-17.8999994E-3,19.2000008,,,,,-17.8999994E-3,2.6399999,
,,,-17.8799983E-3,19.2000008,,,,,-17.8799983E-3,2.72000003,
,,,-17.8599991E-3,20.0000000,,,,,-17.8599991E-3,2.72000003,
,,,-17.8399980E-3,20.0000000,,,,,-17.8399980E-3,2.72000003,
,,,-17.8199988E-3,20.0000000,,,,,-17.8199988E-3,2.79999995,
,,,-17.7999996E-3,20.0000000,,,,,-17.7999996E-3,2.79999995,
,,,-17.7799985E-3,20.0000000,,,,,-17.7799985E-3,2.87999988,
,,,-17.7599993E-3,20.80000114,,,,,-17.7599993E-3,2.87999988,
,,,-17.7399982E-3,20.80000114,,,,,-17.7399982E-3,2.96000004,
,,,-17.7199990E-3,20.80000114,,,,,-17.7199990E-3,2.96000004,
,,,-17.6999979E-3,20.80000114,,,,,-17.6999979E-3,3.03999996,
,,,-17.6799987E-3,20.80000114,,,,,-17.6799987E-3,3.03999996,
,,,-17.6599994E-3,21.60000038,,,,,-17.6599994E-3,3.11999989,
,,,-17.6399983E-3,21.60000038,,,,,-17.6399983E-3,3.11999989,
,,,-17.6199991E-3,21.60000038,,,,,-17.6199991E-3,3.19999981,
,,,-17.5999980E-3,21.60000038,,,,,-17.5999980E-3,3.19999981,
,,,-17.5799988E-3,22.39999962,,,,,-17.5799988E-3,3.19999981,
,,,-17.5599996E-3,22.39999962,,,,,-17.5599996E-3,3.27999997,
,,,-17.5399985E-3,22.39999962,,,,,-17.5399985E-3,3.27999997,
,,,-17.5199993E-3,22.39999962,,,,,-17.5199993E-3,3.35999990,
,,,-17.4999982E-3,22.39999962,,,,,-17.4999982E-3,3.35999990,
,,,-17.4799990E-3,23.20000076,,,,,-17.4799990E-3,3.35999990,
,,,-17.4599979E-3,23.20000076,,,,,-17.4599979E-3,3.43999982,
,,,-17.4399987E-3,23.20000076,,,,,-17.4399987E-3,3.43999982,
,,,-17.4199995E-3,23.20000076,,,,,-17.4199995E-3,3.51999998,
,,,-17.3999984E-3,24.00000000,,,,,-17.3999984E-3,3.51999998,
,,,-17.3799992E-3,24.00000000,,,,,-17.3799992E-3,3.59999990,
,,,-17.3599981E-3,24.00000000,,,,,-17.3599981E-3,3.59999990,
,,,-17.3399989E-3,24.00000000,,,,,-17.3399989E-3,3.59999990,
,,,-17.3199996E-3,24.00000000,,,,,-17.3199996E-3,3.67999983,
,,,-17.2999986E-3,24.80000114,,,,,-17.2999986E-3,3.67999983,
,,,-17.2799993E-3,24.80000114,,,,,-17.2799993E-3,3.67999983,
,,,-17.2599982E-3,24.80000114,,,,,-17.2599982E-3,3.75999999,
,,,-17.2399990E-3,24.80000114,,,,,-17.2399990E-3,3.75999999,
,,,-17.2199979E-3,25.60000038,,,,,-17.2199979E-3,3.75999999,
,,,-17.1999987E-3,25.60000038,,,,,-17.1999987E-3,3.83999991,
,,,-17.1799995E-3,25.60000038,,,,,-17.1799995E-3,3.83999991,
,,,-17.1599984E-3,25.60000038,,,,,-17.1599984E-3,3.91999984,
,,,-17.1399992E-3,25.60000038,,,,,-17.1399992E-3,3.91999984,
,,,-17.1199981E-3,26.39999962,,,,,-17.1199981E-3,3.91999984,
,,,-17.0999989E-3,26.39999962,,,,,-17.0999989E-3,4.00000000,
,,,-17.0799978E-3,26.39999962,,,,,-17.0799978E-3,4.00000000,
,,,-17.0599986E-3,26.39999962,,,,,-17.0599986E-3,4.00000000,
,,,-17.0399994E-3,26.39999962,,,,,-17.0399994E-3,4.07999992,
,,,-17.0199983E-3,26.39999962,,,,,-17.0199983E-3,4.07999992,
,,,-16.9999991E-3,27.20000076,,,,,-16.9999991E-3,4.07999992,
,,,-16.9799980E-3,27.20000076,,,,,-16.9799980E-3,4.15999985,
,,,-16.9599988E-3,27.20000076,,,,,-16.9599988E-3,4.15999985,
,,,-16.9399995E-3,27.20000076,,,,,-16.9399995E-3,4.23999977,
,,,-16.9199985E-3,28.00000000,,,,,-16.9199985E-3,4.23999977,
,,,-16.8999992E-3,28.00000000,,,,,-16.8999992E-3,4.23999977,
,,,-16.8799981E-3,28.00000000,,,,,-16.8799981E-3,4.31999969,
,,,-16.8599989E-3,28.00000000,,,,,-16.8599989E-3,4.31999969,
,,,-16.8399978E-3,28.80000114,,,,,-16.8399978E-3,4.31999969,
,,,-16.8199986E-3,28.80000114,,,,,-16.8199986E-3,4.40000010,
,,,-16.7999994E-3,28.80000114,,,,,-16.7999994E-3,4.40000010,
,,,-16.7799983E-3,28.80000114,,,,,-16.7799983E-3,4.48000002,
,,,-16.7599991E-3,28.80000114,,,,,-16.7599991E-3,4.48000002,
,,,-16.7399980E-3,28.80000114,,,,,-16.7399980E-3,4.48000002,
,,,-16.7199988E-3,29.60000038,,,,,-16.7199988E-3,4.55999994,
,,,-16.6999996E-3,29.60000038,,,,,-16.6999996E-3,4.55999994,
,,,-16.6799985E-3,29.60000038,,,,,-16.6799985E-3,4.55999994,
,,,-16.6599993E-3,29.60000038,,,,,-16.6599993E-3,4.55999994,
,,,-16.6399982E-3,29.60000038,,,,,-16.6399982E-3,4.63999987,
,,,-16.6199990E-3,30.39999962,,,,,-16.6199990E-3,4.63999987,
,,,-16.5999979E-3,30.39999962,,,,,-16.5999979E-3,4.63999987,
,,,-16.5799987E-3,30.39999962,,,,,-16.5799987E-3,4.71999979,
,,,-16.5599994E-3,30.39999962,,,,,-16.5599994E-3,4.71999979,
,,,-16.5399984E-3,30.39999962,,,,,-16.5399984E-3,4.71999979,
,,,-16.5199991E-3,30.39999962,,,,,-16.5199991E-3,4.79999971,
,,,-16.4999980E-3,31.20000076,,,,,-16.4999980E-3,4.79999971,
,,,-16.4799988E-3,31.20000076,,,,,-16.4799988E-3,4.79999971,
,,,-16.4599996E-3,31.20000076,,,,,-16.4599996E-3,4.79999971,
,,,-16.4399985E-3,31.20000076,,,,,-16.4399985E-3,4.88000011,
,,,-16.4199993E-3,31.20000076,,,,,-16.4199993E-3,4.88000011,
,,,-16.3999982E-3,31.20000076,,,,,-16.3999982E-3,4.88000011,
,,,-16.3799990E-3,32.00000000,,,,,-16.3799990E-3,4.88000011,
,,,-16.3599979E-3,32.00000000,,,,,-16.3599979E-3,4.96000004,
,,,-16.3399987E-3,32.00000000,,,,,-16.3399987E-3,4.96000004,
,,,-16.3199995E-3,32.00000000,,,,,-16.3199995E-3,4.96000004,
,,,-16.2999984E-3,32.00000000,,,,,-16.2999984E-3,5.03999996,
,,,-16.2799992E-3,32.00000000,,,,,-16.2799992E-3,5.03999996,
,,,-16.2599981E-3,32.79999924,,,,,-16.2599981E-3,5.03999996,
,,,-16.2399989E-3,32.79999924,,,,,-16.2399989E-3,5.03999996,
,,,-16.2199996E-3,32.79999924,,,,,-16.2199996E-3,5.03999996,
,,,-16.1999986E-3,32.79999924,,,,,-16.1999986E-3,5.11999989,
,,,-16.1799993E-3,32.79999924,,,,,-16.1799993E-3,5.11999989,
,,,-16.1599983E-3,32.79999924,,,,,-16.1599983E-3,5.11999989,
,,,-16.1399990E-3,33.60000229,,,,,-16.1399990E-3,5.11999989,
,,,-16.1199979E-3,33.60000229,,,,,-16.1199979E-3,5.19999981,
,,,-16.0999987E-3,33.60000229,,,,,-16.0999987E-3,5.19999981,
,,,-16.0799995E-3,33.60000229,,,,,-16.0799995E-3,5.19999981,
,,,-16.0599984E-3,33.60000229,,,,,-16.0599984E-3,5.19999981,
,,,-16.0399992E-3,33.60000229,,,,,-16.0399992E-3,5.19999981,
,,,-16.0199981E-3,33.60000229,,,,,-16.0199981E-3,5.27999973,
,,,-15.9999989E-3,33.60000229,,,,,-15.9999989E-3,5.27999973,
,,,-15.9799978E-3,33.60000229,,,,,-15.9799978E-3,5.27999973,
,,,-15.9599986E-3,34.40000153,,,,,-15.9599986E-3,5.27999973,
,,,-15.9399994E-3,34.40000153,,,,,-15.9399994E-3,5.27999973,
,,,-15.9199983E-3,34.40000153,,,,,-15.9199983E-3,5.27999973,
,,,-15.8999991E-3,34.40000153,,,,,-15.8999991E-3,5.27999973,
,,,-15.8799980E-3,34.40000153,,,,,-15.8799980E-3,5.35999966,
,,,-15.8599988E-3,34.40000153,,,,,-15.8599988E-3,5.35999966,
,,,-15.8399995E-3,34.40000153,,,,,-15.8399995E-3,5.35999966,
,,,-15.8199985E-3,35.20000076,,,,,-15.8199985E-3,5.35999966,
,,,-15.7999992E-3,35.20000076,,,,,-15.7999992E-3,5.35999966,
,,,-15.7799982E-3,35.20000076,,,,,-15.7799982E-3,5.35999966,
,,,-15.7599989E-3,35.20000076,,,,,-15.7599989E-3,5.35999966,
,,,-15.7399978E-3,35.20000076,,,,,-15.7399978E-3,5.44000006,
,,,-15.7199986E-3,35.20000076,,,,,-15.7199986E-3,5.44000006,
,,,-15.6999994E-3,35.20000076,,,,,-15.6999994E-3,5.44000006,
,,,-15.6799983E-3,35.20000076,,,,,-15.6799983E-3,5.44000006,
,,,-15.6599991E-3,35.20000076,,,,,-15.6599991E-3,5.44000006,
,,,-15.6399980E-3,35.20000076,,,,,-15.6399980E-3,5.44000006,
,,,-15.6199988E-3,35.20000076,,,,,-15.6199988E-3,5.44000006,
,,,-15.5999986E-3,36.00000000,,,,,-15.5999986E-3,5.44000006,
,,,-15.5799985E-3,36.00000000,,,,,-15.5799985E-3,5.51999998,
,,,-15.5599983E-3,36.00000000,,,,,-15.5599983E-3,5.51999998,
,,,-15.5399991E-3,36.00000000,,,,,-15.5399991E-3,5.51999998,
,,,-15.5199990E-3,36.00000000,,,,,-15.5199990E-3,5.51999998,
,,,-15.4999988E-3,36.00000000,,,,,-15.4999988E-3,5.51999998,
,,,-15.4799987E-3,36.00000000,,,,,-15.4799987E-3,5.51999998,
,,,-15.4599985E-3,36.00000000,,,,,-15.4599985E-3,5.51999998,
,,,-15.4399984E-3,36.00000000,,,,,-15.4399984E-3,5.51999998,
,,,-15.4199991E-3,36.00000000,,,,,-15.4199991E-3,5.51999998,
,,,-15.3999990E-3,36.00000000,,,,,-15.3999990E-3,5.59999990,
,,,-15.3799988E-3,36.00000000,,,,,-15.3799988E-3,5.59999990,
,,,-15.3599987E-3,36.79999924,,,,,-15.3599987E-3,5.59999990,
,,,-15.3399985E-3,36.79999924,,,,,-15.3399985E-3,5.59999990,
,,,-15.3199984E-3,36.79999924,,,,,-15.3199984E-3,5.59999990,
,,,-15.2999992E-3,36.79999924,,,,,-15.2999992E-3,5.59999990,
,,,-15.2799990E-3,36.79999924,,,,,-15.2799990E-3,5.59999990,
,,,-15.2599989E-3,36.79999924,,,,,-15.2599989E-3,5.59999990,
,,,-15.2399987E-3,36.79999924,,,,,-15.2399987E-3,5.59999990,
,,,-15.2199985E-3,36.79999924,,,,,-15.2199985E-3,5.59999990,
,,,-15.1999984E-3,36.79999924,,,,,-15.1999984E-3,5.59999990,
,,,-15.1799992E-3,36.79999924,,,,,-15.1799992E-3,5.59999990,
,,,-15.1599990E-3,36.79999924,,,,,-15.1599990E-3,5.59999990,
,,,-15.1399989E-3,36.79999924,,,,,-15.1399989E-3,5.67999983,
,,,-15.1199987E-3,36.79999924,,,,,-15.1199987E-3,5.59999990,
,,,-15.0999986E-3,36.79999924,,,,,-15.0999986E-3,5.67999983,
,,,-15.0799984E-3,36.79999924,,,,,-15.0799984E-3,5.67999983,
,,,-15.0599992E-3,36.79999924,,,,,-15.0599992E-3,5.67999983,
,,,-15.0399990E-3,36.79999924,,,,,-15.0399990E-3,5.67999983,
,,,-15.0199989E-3,36.79999924,,,,,-15.0199989E-3,5.67999983,
,,,-14.9999987E-3,36.79999924,,,,,-14.9999987E-3,5.67999983,
,,,-14.9799986E-3,36.79999924,,,,,-14.9799986E-3,5.67999983,
,,,-14.9599984E-3,36.79999924,,,,,-14.9599984E-3,5.67999983,
,,,-14.9399992E-3,37.60000229,,,,,-14.9399992E-3,5.67999983,
,,,-14.9199991E-3,37.60000229,,,,,-14.9199991E-3,5.67999983,
,,,-14.8999989E-3,37.60000229,,,,,-14.8999989E-3,5.67999983,
,,,-14.8799988E-3,37.60000229,,,,,-14.8799988E-3,5.67999983,
,,,-14.8599986E-3,36.79999924,,,,,-14.8599986E-3,5.67999983,
,,,-14.8399984E-3,36.79999924,,,,,-14.8399984E-3,5.67999983,
,,,-14.8199992E-3,37.60000229,,,,,-14.8199992E-3,5.67999983,
,,,-14.7999991E-3,37.60000229,,,,,-14.7999991E-3,5.67999983,
,,,-14.7799989E-3,37.60000229,,,,,-14.7799989E-3,5.67999983,
,,,-14.7599988E-3,37.60000229,,,,,-14.7599988E-3,5.67999983,
,,,-14.7399986E-3,37.60000229,,,,,-14.7399986E-3,5.67999983,
,,,-14.7199985E-3,36.79999924,,,,,-14.7199985E-3,5.67999983,
,,,-14.6999983E-3,37.60000229,,,,,-14.6999983E-3,5.67999983,
,,,-14.6799991E-3,36.79999924,,,,,-14.6799991E-3,5.67999983,
,,,-14.6599989E-3,36.79999924,,,,,-14.6599989E-3,5.67999983,
,,,-14.6399988E-3,36.79999924,,,,,-14.6399988E-3,5.67999983,
,,,-14.6199986E-3,36.79999924,,,,,-14.6199986E-3,5.67999983,
,,,-14.5999985E-3,36.79999924,,,,,-14.5999985E-3,5.67999983,
,,,-14.5799983E-3,36.79999924,,,,,-14.5799983E-3,5.67999983,
,,,-14.5599991E-3,36.79999924,,,,,-14.5599991E-3,5.67999983,
,,,-14.5399990E-3,36.79999924,,,,,-14.5399990E-3,5.67999983,
,,,-14.5199988E-3,36.79999924,,,,,-14.5199988E-3,5.67999983,
,,,-14.4999987E-3,36.79999924,,,,,-14.4999987E-3,5.67999983,
,,,-14.4799985E-3,36.79999924,,,,,-14.4799985E-3,5.67999983,
,,,-14.4599983E-3,36.79999924,,,,,-14.4599983E-3,5.67999983,
,,,-14.4399991E-3,36.79999924,,,,,-14.4399991E-3,5.67999983,
,,,-14.4199990E-3,36.79999924,,,,,-14.4199990E-3,5.67999983,
,,,-14.3999988E-3,36.79999924,,,,,-14.3999988E-3,5.67999983,
,,,-14.3799987E-3,36.79999924,,,,,-14.3799987E-3,5.67999983,
,,,-14.3599985E-3,36.79999924,,,,,-14.3599985E-3,5.67999983,
,,,-14.3399984E-3,36.79999924,,,,,-14.3399984E-3,5.67999983,
,,,-14.3199991E-3,36.79999924,,,,,-14.3199991E-3,5.67999983,
,,,-14.2999990E-3,36.79999924,,,,,-14.2999990E-3,5.67999983,
,,,-14.2799988E-3,36.79999924,,,,,-14.2799988E-3,5.67999983,
,,,-14.2599987E-3,36.79999924,,,,,-14.2599987E-3,5.67999983,
,,,-14.2399985E-3,36.00000000,,,,,-14.2399985E-3,5.67999983,
,,,-14.2199984E-3,36.00000000,,,,,-14.2199984E-3,5.67999983,
,,,-14.1999992E-3,36.00000000,,,,,-14.1999992E-3,5.67999983,
,,,-14.1799990E-3,36.00000000,,,,,-14.1799990E-3,5.67999983,
,,,-14.1599989E-3,36.00000000,,,,,-14.1599989E-3,5.67999983,
,,,-14.1399987E-3,36.00000000,,,,,-14.1399987E-3,5.67999983,
,,,-14.1199986E-3,36.00000000,,,,,-14.1199986E-3,5.67999983,
,,,-14.0999984E-3,36.00000000,,,,,-14.0999984E-3,5.67999983,
,,,-14.0799992E-3,36.00000000,,,,,-14.0799992E-3,5.67999983,
,,,-14.0599990E-3,36.00000000,,,,,-14.0599990E-3,5.67999983,
,,,-14.0399989E-3,35.20000076,,,,,-14.0399989E-3,5.67999983,
,,,-14.0199987E-3,35.20000076,,,,,-14.0199987E-3,5.67999983,
,,,-13.9999986E-3,35.20000076,,,,,-13.9999986E-3,5.67999983,
,,,-13.9799984E-3,35.20000076,,,,,-13.9799984E-3,5.67999983,
,,,-13.9599992E-3,35.20000076,,,,,-13.9599992E-3,5.67999983,
,,,-13.9399990E-3,35.20000076,,,,,-13.9399990E-3,5.59999990,
,,,-13.9199989E-3,35.20000076,,,,,-13.9199989E-3,5.67999983,
,,,-13.8999987E-3,34.40000153,,,,,-13.8999987E-3,5.59999990,
,,,-13.8799986E-3,34.40000153,,,,,-13.8799986E-3,5.59999990,
,,,-13.8599984E-3,34.40000153,,,,,-13.8599984E-3,5.59999990,
,,,-13.8399992E-3,34.40000153,,,,,-13.8399992E-3,5.59999990,
,,,-13.8199991E-3,34.40000153,,,,,-13.8199991E-3,5.59999990,
,,,-13.7999989E-3,34.40000153,,,,,-13.7999989E-3,5.59999990,
,,,-13.7799988E-3,34.40000153,,,,,-13.7799988E-3,5.59999990,
,,,-13.7599986E-3,33.60000229,,,,,-13.7599986E-3,5.59999990,
,,,-13.7399985E-3,33.60000229,,,,,-13.7399985E-3,5.59999990,
,,,-13.7199992E-3,33.60000229,,,,,-13.7199992E-3,5.59999990,
,,,-13.6999991E-3,33.60000229,,,,,-13.6999991E-3,5.59999990,
,,,-13.6799989E-3,33.60000229,,,,,-13.6799989E-3,5.59999990,
,,,-13.6599988E-3,33.60000229,,,,,-13.6599988E-3,5.59999990,
,,,-13.6399986E-3,33.60000229,,,,,-13.6399986E-3,5.59999990,
,,,-13.6199985E-3,32.79999924,,,,,-13.6199985E-3,5.59999990,
,,,-13.5999992E-3,32.79999924,,,,,-13.5999992E-3,5.59999990,
,,,-13.5799991E-3,32.79999924,,,,,-13.5799991E-3,5.51999998,
,,,-13.5599989E-3,32.79999924,,,,,-13.5599989E-3,5.51999998,
,,,-13.5399988E-3,32.79999924,,,,,-13.5399988E-3,5.51999998,
,,,-13.5199986E-3,32.00000000,,,,,-13.5199986E-3,5.51999998,
,,,-13.4999985E-3,32.00000000,,,,,-13.4999985E-3,5.51999998,
,,,-13.4799983E-3,32.00000000,,,,,-13.4799983E-3,5.51999998,
,,,-13.4599991E-3,32.00000000,,,,,-13.4599991E-3,5.51999998,
,,,-13.4399990E-3,32.00000000,,,,,-13.4399990E-3,5.51999998,
,,,-13.4199988E-3,31.20000076,,,,,-13.4199988E-3,5.51999998,
,,,-13.3999987E-3,31.20000076,,,,,-13.3999987E-3,5.51999998,
,,,-13.3799985E-3,31.20000076,,,,,-13.3799985E-3,5.51999998,
,,,-13.3599984E-3,31.20000076,,,,,-13.3599984E-3,5.51999998,
,,,-13.3399991E-3,31.20000076,,,,,-13.3399991E-3,5.51999998,
,,,-13.3199990E-3,30.39999962,,,,,-13.3199990E-3,5.44000006,
,,,-13.2999988E-3,30.39999962,,,,,-13.2999988E-3,5.44000006,
,,,-13.2799987E-3,30.39999962,,,,,-13.2799987E-3,5.44000006,
,,,-13.2599985E-3,30.39999962,,,,,-13.2599985E-3,5.44000006,
,,,-13.2399984E-3,29.60000038,,,,,-13.2399984E-3,5.44000006,
,,,-13.2199991E-3,29.60000038,,,,,-13.2199991E-3,5.44000006,
,,,-13.1999990E-3,29.60000038,,,,,-13.1999990E-3,5.44000006,
,,,-13.1799988E-3,29.60000038,,,,,-13.1799988E-3,5.44000006,
,,,-13.1599987E-3,28.80000114,,,,,-13.1599987E-3,5.44000006,
,,,-13.1399985E-3,28.80000114,,,,,-13.1399985E-3,5.44000006,
,,,-13.1199984E-3,28.80000114,,,,,-13.1199984E-3,5.35999966,
,,,-13.0999992E-3,28.80000114,,,,,-13.0999992E-3,5.35999966,
,,,-13.0799990E-3,28.80000114,,,,,-13.0799990E-3,5.35999966,
,,,-13.0599989E-3,28.00000000,,,,,-13.0599989E-3,5.35999966,
,,,-13.0399987E-3,28.00000000,,,,,-13.0399987E-3,5.35999966,
,,,-13.0199986E-3,28.00000000,,,,,-13.0199986E-3,5.35999966,
,,,-12.9999984E-3,27.20000076,,,,,-12.9999984E-3,5.35999966,
,,,-12.9799992E-3,27.20000076,,,,,-12.9799992E-3,5.35999966,
,,,-12.9599990E-3,27.20000076,,,,,-12.9599990E-3,5.27999973,
,,,-12.9399989E-3,27.20000076,,,,,-12.9399989E-3,5.27999973,
,,,-12.9199987E-3,26.39999962,,,,,-12.9199987E-3,5.27999973,
,,,-12.8999986E-3,26.39999962,,,,,-12.8999986E-3,5.27999973,
,,,-12.8799984E-3,26.39999962,,,,,-12.8799984E-3,5.27999973,
,,,-12.8599992E-3,26.39999962,,,,,-12.8599992E-3,5.27999973,
,,,-12.8399990E-3,25.60000038,,,,,-12.8399990E-3,5.27999973,
,,,-12.8199989E-3,25.60000038,,,,,-12.8199989E-3,5.27999973,
,,,-12.7999987E-3,25.60000038,,,,,-12.7999987E-3,5.27999973,
,,,-12.7799986E-3,25.60000038,,,,,-12.7799986E-3,5.27999973,
,,,-12.7599984E-3,25.60000038,,,,,-12.7599984E-3,5.19999981,
,,,-12.7399992E-3,24.80000114,,,,,-12.7399992E-3,5.19999981,
,,,-12.7199991E-3,24.80000114,,,,,-12.7199991E-3,5.19999981,
,,,-12.6999989E-3,24.80000114,,,,,-12.6999989E-3,5.19999981,
,,,-12.6799988E-3,24.80000114,,,,,-12.6799988E-3,5.19999981,
,,,-12.6599986E-3,24.00000000,,,,,-12.6599986E-3,5.19999981,
,,,-12.6399985E-3,24.00000000,,,,,-12.6399985E-3,5.19999981,
,,,-12.6199992E-3,24.00000000,,,,,-12.6199992E-3,5.11999989,
,,,-12.5999991E-3,24.00000000,,,,,-12.5999991E-3,5.11999989,
,,,-12.5799989E-3,23.20000076,,,,,-12.5799989E-3,5.11999989,
,,,-12.5599988E-3,23.20000076,,,,,-12.5599988E-3,5.11999989,
,,,-12.5399986E-3,23.20000076,,,,,-12.5399986E-3,5.11999989,
,,,-12.5199985E-3,22.39999962,,,,,-12.5199985E-3,5.03999996,
,,,-12.4999993E-3,22.39999962,,,,,-12.4999993E-3,5.03999996,
,,,-12.4799991E-3,22.39999962,,,,,-12.4799991E-3,5.03999996,
,,,-12.4599990E-3,22.39999962,,,,,-12.4599990E-3,5.03999996,
,,,-12.4399988E-3,21.60000038,,,,,-12.4399988E-3,5.03999996,
,,,-12.4199986E-3,21.60000038,,,,,-12.4199986E-3,4.96000004,
,,,-12.3999985E-3,21.60000038,,,,,-12.3999985E-3,4.96000004,
,,,-12.3799993E-3,20.80000114,,,,,-12.3799993E-3,4.96000004,
,,,-12.3599991E-3,20.80000114,,,,,-12.3599991E-3,4.96000004,
,,,-12.3399990E-3,20.80000114,,,,,-12.3399990E-3,4.96000004,
,,,-12.3199988E-3,20.80000114,,,,,-12.3199988E-3,4.88000011,
,,,-12.2999987E-3,20.0000000,,,,,-12.2999987E-3,4.88000011,
,,,-12.2799985E-3,20.0000000,,,,,-12.2799985E-3,4.88000011,
,,,-12.2599993E-3,20.0000000,,,,,-12.2599993E-3,4.88000011,
,,,-12.2399991E-3,20.0000000,,,,,-12.2399991E-3,4.88000011,
,,,-12.2199990E-3,19.2000008,,,,,-12.2199990E-3,4.79999971,
,,,-12.1999988E-3,19.2000008,,,,,-12.1999988E-3,4.79999971,
,,,-12.1799987E-3,19.2000008,,,,,-12.1799987E-3,4.79999971,
,,,-12.1599985E-3,18.3999996,,,,,-12.1599985E-3,4.79999971,
,,,-12.1399984E-3,18.3999996,,,,,-12.1399984E-3,4.71999979,
,,,-12.1199992E-3,18.3999996,,,,,-12.1199992E-3,4.71999979,
,,,-12.0999990E-3,18.3999996,,,,,-12.0999990E-3,4.71999979,
,,,-12.0799989E-3,17.6000004,,,,,-12.0799989E-3,4.71999979,
,,,-12.0599987E-3,17.6000004,,,,,-12.0599987E-3,4.63999987,
,,,-12.0399985E-3,17.6000004,,,,,-12.0399985E-3,4.63999987,
,,,-12.0199984E-3,17.6000004,,,,,-12.0199984E-3,4.63999987,
,,,-11.9999992E-3,17.6000004,,,,,-11.9999992E-3,4.63999987,
,,,-11.9799990E-3,16.8000011,,,,,-11.9799990E-3,4.55999994,
,,,-11.9599989E-3,16.8000011,,,,,-11.9599989E-3,4.55999994,
,,,-11.9399987E-3,16.8000011,,,,,-11.9399987E-3,4.55999994,
,,,-11.9199986E-3,16.0000000,,,,,-11.9199986E-3,4.55999994,
,,,-11.8999984E-3,16.0000000,,,,,-11.8999984E-3,4.55999994,
,,,-11.8799992E-3,16.0000000,,,,,-11.8799992E-3,4.48000002,
,,,-11.8599990E-3,16.0000000,,,,,-11.8599990E-3,4.48000002,
,,,-11.8399989E-3,15.1999998,,,,,-11.8399989E-3,4.48000002,
,,,-11.8199987E-3,15.1999998,,,,,-11.8199987E-3,4.48000002,
,,,-11.7999986E-3,15.1999998,,,,,-11.7999986E-3,4.40000010,
,,,-11.7799984E-3,15.1999998,,,,,-11.7799984E-3,4.40000010,
,,,-11.7599992E-3,14.4000006,,,,,-11.7599992E-3,4.31999969,
,,,-11.7399991E-3,14.4000006,,,,,-11.7399991E-3,4.31999969,
,,,-11.7199989E-3,14.4000006,,,,,-11.7199989E-3,4.31999969,
,,,-11.6999988E-3,13.6000004,,,,,-11.6999988E-3,4.31999969,
,,,-11.6799986E-3,13.6000004,,,,,-11.6799986E-3,4.23999977,
,,,-11.6599984E-3,13.6000004,,,,,-11.6599984E-3,4.23999977,
,,,-11.6399992E-3,13.6000004,,,,,-11.6399992E-3,4.23999977,
,,,-11.6199991E-3,12.8000002,,,,,-11.6199991E-3,4.15999985,
,,,-11.5999989E-3,12.8000002,,,,,-11.5999989E-3,4.15999985,
,,,-11.5799988E-3,12.8000002,,,,,-11.5799988E-3,4.15999985,
,,,-11.5599986E-3,12.8000002,,,,,-11.5599986E-3,4.07999992,
,,,-11.5399985E-3,12.0000000,,,,,-11.5399985E-3,4.07999992,
,,,-11.5199992E-3,12.0000000,,,,,-11.5199992E-3,4.07999992,
,,,-11.4999991E-3,12.0000000,,,,,-11.4999991E-3,4.00000000,
,,,-11.4799989E-3,11.1999998,,,,,-11.4799989E-3,4.00000000,
,,,-11.4599988E-3,11.1999998,,,,,-11.4599988E-3,4.00000000,
,,,-11.4399986E-3,11.1999998,,,,,-11.4399986E-3,4.00000000,
,,,-11.4199985E-3,11.1999998,,,,,-11.4199985E-3,3.91999984,
,,,-11.3999993E-3,10.4000006,,,,,-11.3999993E-3,3.91999984,
,,,-11.3799991E-3,10.4000006,,,,,-11.3799991E-3,3.91999984,
,,,-11.3599990E-3,10.4000006,,,,,-11.3599990E-3,3.83999991,
,,,-11.3399988E-3,10.4000006,,,,,-11.3399988E-3,3.83999991,
,,,-11.3199987E-3,10.4000006,,,,,-11.3199987E-3,3.83999991,
,,,-11.2999985E-3,9.600000381,,,,,-11.2999985E-3,3.75999999,
,,,-11.2799993E-3,9.600000381,,,,,-11.2799993E-3,3.75999999,
,,,-11.2599991E-3,9.600000381,,,,,-11.2599991E-3,3.75999999,
,,,-11.2399990E-3,9.600000381,,,,,-11.2399990E-3,3.67999983,
,,,-11.2199988E-3,9.600000381,,,,,-11.2199988E-3,3.67999983,
,,,-11.1999987E-3,8.800000191,,,,,-11.1999987E-3,3.67999983,
,,,-11.1799985E-3,8.800000191,,,,,-11.1799985E-3,3.67999983,
,,,-11.1599993E-3,8.800000191,,,,,-11.1599993E-3,3.59999990,
,,,-11.1399991E-3,8.800000191,,,,,-11.1399991E-3,3.59999990,
,,,-11.1199990E-3,8.000000000,,,,,-11.1199990E-3,3.59999990,
,,,-11.0999988E-3,8.000000000,,,,,-11.0999988E-3,3.51999998,
,,,-11.0799987E-3,8.000000000,,,,,-11.0799987E-3,3.51999998,
,,,-11.0599985E-3,7.20000029,,,,,-11.0599985E-3,3.43999982,
,,,-11.0399993E-3,7.20000029,,,,,-11.0399993E-3,3.43999982,
,,,-11.0199992E-3,7.20000029,,,,,-11.0199992E-3,3.43999982,
,,,-10.9999990E-3,7.20000029,,,,,-10.9999990E-3,3.35999990,
,,,-10.9799989E-3,7.20000029,,,,,-10.9799989E-3,3.35999990,
,,,-10.9599987E-3,6.40000010,,,,,-10.9599987E-3,3.35999990,
,,,-10.9399986E-3,6.40000010,,,,,-10.9399986E-3,3.27999997,
,,,-10.9199993E-3,6.40000010,,,,,-10.9199993E-3,3.27999997,
,,,-10.8999992E-3,5.59999990,,,,,-10.8999992E-3,3.27999997,
,,,-10.8799990E-3,5.59999990,,,,,-10.8799990E-3,3.19999981,
,,,-10.8599989E-3,5.59999990,,,,,-10.8599989E-3,3.19999981,
,,,-10.8399987E-3,5.59999990,,,,,-10.8399987E-3,3.11999989,
,,,-10.8199986E-3,4.80000019,,,,,-10.8199986E-3,3.11999989,
,,,-10.7999984E-3,4.80000019,,,,,-10.7999984E-3,3.11999989,
,,,-10.7799992E-3,4.80000019,,,,,-10.7799992E-3,3.03999996,
,,,-10.7599990E-3,4.80000019,,,,,-10.7599990E-3,3.03999996,
,,,-10.7399989E-3,4.00000000,,,,,-10.7399989E-3,2.96000004,
,,,-10.7199987E-3,4.00000000,,,,,-10.7199987E-3,2.96000004,
,,,-10.6999986E-3,4.00000000,,,,,-10.6999986E-3,2.87999988,
,,,-10.6799984E-3,4.00000000,,,,,-10.6799984E-3,2.87999988,
,,,-10.6599992E-3,3.20000005,,,,,-10.6599992E-3,2.87999988,
,,,-10.6399991E-3,3.20000005,,,,,-10.6399991E-3,2.79999995,
,,,-10.6199989E-3,3.20000005,,,,,-10.6199989E-3,2.79999995,
,,,-10.5999988E-3,3.20000005,,,,,-10.5999988E-3,2.79999995,
,,,-10.5799986E-3,2.4000001,,,,,-10.5799986E-3,2.72000003,
,,,-10.5599985E-3,2.4000001,,,,,-10.5599985E-3,2.72000003,
,,,-10.5399992E-3,2.4000001,,,,,-10.5399992E-3,2.6399999,
,,,-10.5199991E-3,2.4000001,,,,,-10.5199991E-3,2.6399999,
,,,-10.4999989E-3,2.4000001,,,,,-10.4999989E-3,2.5599999,
,,,-10.4799988E-3,1.6000000,,,,,-10.4799988E-3,2.5599999,
,,,-10.4599986E-3,1.6000000,,,,,-10.4599986E-3,2.5599999,
,,,-10.4399985E-3,1.6000000,,,,,-10.4399985E-3,2.4800000,
,,,-10.4199992E-3,1.6000000,,,,,-10.4199992E-3,2.4800000,
,,,-10.3999991E-3,1.6000000,,,,,-10.3999991E-3,2.3999999,
,,,-10.3799989E-3,800.000011921E-3,,,,,-10.3799989E-3,2.3999999,
,,,-10.3599988E-3,800.000011921E-3,,,,,-10.3599988E-3,2.3999999,
,,,-10.3399986E-3,800.000011921E-3,,,,,-10.3399986E-3,2.3199999,
,,,-10.3199985E-3,800.000011921E-3,,,,,-10.3199985E-3,2.3199999,
,,,-10.2999993E-3,0.0,,,,,-10.2999993E-3,2.2400000,
,,,-10.2799991E-3,0.0,,,,,-10.2799991E-3,2.2400000,
,,,-10.2599990E-3,0.0,,,,,-10.2599990E-3,2.1599998,
,,,-10.2399988E-3,0.0,,,,,-10.2399988E-3,2.1599998,
,,,-10.2199987E-3,-800.000011921E-3,,,,,-10.2199987E-3,2.0799999,
,,,-10.1999985E-3,-800.000011921E-3,,,,,-10.1999985E-3,2.0799999,
,,,-10.1799993E-3,-800.000011921E-3,,,,,-10.1799993E-3,2.0799999,
,,,-10.1599991E-3,-800.000011921E-3,,,,,-10.1599991E-3,2.0000000,
,,,-10.1399990E-3,-1.6000000,,,,,-10.1399990E-3,2.0000000,
,,,-10.1199988E-3,-1.6000000,,,,,-10.1199988E-3,1.9200000,
,,,-10.0999987E-3,-1.6000000,,,,,-10.0999987E-3,1.9200000,
,,,-10.0799985E-3,-1.6000000,,,,,-10.0799985E-3,1.9200000,
,,,-10.0599993E-3,-2.4000001,,,,,-10.0599993E-3,1.8399999,
,,,-10.0399991E-3,-2.4000001,,,,,-10.0399991E-3,1.8399999,
,,,-10.0199990E-3,-2.4000001,,,,,-10.0199990E-3,1.7600000,
,,,-9.999998845E-3,-2.4000001,,,,,-9.999998845E-3,1.7600000,
,,,-9.979998693E-3,-2.4000001,,,,,-9.979998693E-3,1.6799999,
,,,-9.959998541E-3,-3.20000005,,,,,-9.959998541E-3,1.6799999,
,,,-9.939999320E-3,-3.20000005,,,,,-9.939999320E-3,1.5999999,
,,,-9.919999167E-3,-3.20000005,,,,,-9.919999167E-3,1.5999999,
,,,-9.899999015E-3,-3.20000005,,,,,-9.899999015E-3,1.5200000,
,,,-9.879998863E-3,-4.00000000,,,,,-9.879998863E-3,1.5200000,
,,,-9.859998710E-3,-4.00000000,,,,,-9.859998710E-3,1.4399999,
,,,-9.839998558E-3,-4.00000000,,,,,-9.839998558E-3,1.3600000,
,,,-9.819999337E-3,-4.00000000,,,,,-9.819999337E-3,1.3600000,
,,,-9.799999185E-3,-4.80000019,,,,,-9.799999185E-3,1.2800000,
,,,-9.779999033E-3,-4.80000019,,,,,-9.779999033E-3,1.2800000,
,,,-9.759998880E-3,-4.80000019,,,,,-9.759998880E-3,1.2800000,
,,,-9.739998728E-3,-4.80000019,,,,,-9.739998728E-3,1.1999999,
,,,-9.719998576E-3,-4.80000019,,,,,-9.719998576E-3,1.1999999,
,,,-9.699999355E-3,-4.80000019,,,,,-9.699999355E-3,1.1200000,
,,,-9.679999202E-3,-5.59999990,,,,,-9.679999202E-3,1.1200000,
,,,-9.659999050E-3,-5.59999990,,,,,-9.659999050E-3,1.0400000,
,,,-9.639998898E-3,-5.59999990,,,,,-9.639998898E-3,1.0400000,
,,,-9.619998746E-3,-5.59999990,,,,,-9.619998746E-3,959.999978542E-3,
,,,-9.599998593E-3,-5.59999990,,,,,-9.599998593E-3,959.999978542E-3,
,,,-9.579998441E-3,-6.40000010,,,,,-9.579998441E-3,879.999995232E-3,
,,,-9.559999220E-3,-6.40000010,,,,,-9.559999220E-3,879.999995232E-3,
,,,-9.539999068E-3,-6.40000010,,,,,-9.539999068E-3,799.999952316E-3,
,,,-9.519998915E-3,-6.40000010,,,,,-9.519998915E-3,799.999952316E-3,
,,,-9.499998763E-3,-7.20000029,,,,,-9.499998763E-3,719.999969006E-3,
,,,-9.479998611E-3,-7.20000029,,,,,-9.479998611E-3,719.999969006E-3,
,,,-9.459998459E-3,-7.20000029,,,,,-9.459998459E-3,639.999985695E-3,
,,,-9.439999238E-3,-7.20000029,,,,,-9.439999238E-3,639.999985695E-3,
,,,-9.419999085E-3,-7.20000029,,,,,-9.419999085E-3,560.000002384E-3,
,,,-9.399998933E-3,-8.000000000,,,,,-9.399998933E-3,560.000002384E-3,
,,,-9.379998781E-3,-8.000000000,,,,,-9.379998781E-3,479.999989271E-3,
,,,-9.359998628E-3,-8.000000000,,,,,-9.359998628E-3,479.999989271E-3,
,,,-9.339998476E-3,-8.000000000,,,,,-9.339998476E-3,399.99997616E-3,
,,,-9.319999255E-3,-8.000000000,,,,,-9.319999255E-3,399.99997616E-3,
,,,-9.299999103E-3,-8.000000000,,,,,-9.299999103E-3,319.99999285E-3,
,,,-9.279998951E-3,-8.800000191,,,,,-9.279998951E-3,319.99999285E-3,
,,,-9.259998798E-3,-8.800000191,,,,,-9.259998798E-3,239.99999464E-3,
,,,-9.239998646E-3,-8.800000191,,,,,-9.239998646E-3,239.99999464E-3,
,,,-9.219998494E-3,-8.800000191,,,,,-9.219998494E-3,159.99999642E-3,
,,,-9.199999273E-3,-8.800000191,,,,,-9.199999273E-3,159.99999642E-3,
,,,-9.179999121E-3,-9.600000381,,,,,-9.179999121E-3,79.999998212E-3,
,,,-9.159998968E-3,-9.600000381,,,,,-9.159998968E-3,79.999998212E-3,
,,,-9.139998816E-3,-9.600000381,,,,,-9.139998816E-3,0.0,
,,,-9.119998664E-3,-9.600000381,,,,,-9.119998664E-3,-79.999998212E-3,
,,,-9.099998511E-3,-9.600000381,,,,,-9.099998511E-3,-79.999998212E-3,
,,,-9.079999290E-3,-10.4000006,,,,,-9.079999290E-3,-159.99999642E-3,
,,,-9.059999138E-3,-10.4000006,,,,,-9.059999138E-3,-239.99999464E-3,
,,,-9.039998986E-3,-10.4000006,,,,,-9.039998986E-3,-239.99999464E-3,
,,,-9.019998834E-3,-10.4000006,,,,,-9.019998834E-3,-319.99999285E-3,
,,,-8.999998681E-3,-10.4000006,,,,,-8.999998681E-3,-319.99999285E-3,
,,,-8.979998529E-3,-10.4000006,,,,,-8.979998529E-3,-399.99997616E-3,
,,,-8.959999308E-3,-11.1999998,,,,,-8.959999308E-3,-399.99997616E-3,
,,,-8.939999156E-3,-11.1999998,,,,,-8.939999156E-3,-479.999989271E-3,
,,,-8.919999003E-3,-11.1999998,,,,,-8.919999003E-3,-479.999989271E-3,
,,,-8.899998851E-3,-11.1999998,,,,,-8.899998851E-3,-560.000002384E-3,
,,,-8.879998699E-3,-11.1999998,,,,,-8.879998699E-3,-560.000002384E-3,
,,,-8.859998547E-3,-12.0000000,,,,,-8.859998547E-3,-639.999985695E-3,
,,,-8.839999326E-3,-12.0000000,,,,,-8.839999326E-3,-639.999985695E-3,
,,,-8.819999173E-3,-12.0000000,,,,,-8.819999173E-3,-719.999969006E-3,
,,,-8.799999021E-3,-12.0000000,,,,,-8.799999021E-3,-719.999969006E-3,
,,,-8.779998869E-3,-12.0000000,,,,,-8.779998869E-3,-799.999952316E-3,
,,,-8.759998716E-3,-12.0000000,,,,,-8.759998716E-3,-799.999952316E-3,
,,,-8.739998564E-3,-12.8000002,,,,,-8.739998564E-3,-879.999995232E-3,
,,,-8.719999343E-3,-12.8000002,,,,,-8.719999343E-3,-879.999995232E-3,
,,,-8.699999191E-3,-12.8000002,,,,,-8.699999191E-3,-959.999978542E-3,
,,,-8.679999039E-3,-12.8000002,,,,,-8.679999039E-3,-1.0400000,
,,,-8.659998886E-3,-12.8000002,,,,,-8.659998886E-3,-1.0400000,
,,,-8.639998734E-3,-12.8000002,,,,,-8.639998734E-3,-1.1200000,
,,,-8.619998582E-3,-12.8000002,,,,,-8.619998582E-3,-1.1200000,
,,,-8.599999361E-3,-13.6000004,,,,,-8.599999361E-3,-1.1999999,
,,,-8.579999208E-3,-13.6000004,,,,,-8.579999208E-3,-1.1999999,
,,,-8.559999056E-3,-13.6000004,,,,,-8.559999056E-3,-1.2800000,
,,,-8.539998904E-3,-13.6000004,,,,,-8.539998904E-3,-1.2800000,
,,,-8.519998752E-3,-13.6000004,,,,,-8.519998752E-3,-1.2800000,
,,,-8.499998599E-3,-14.4000006,,,,,-8.499998599E-3,-1.3600000,
,,,-8.479999378E-3,-14.4000006,,,,,-8.479999378E-3,-1.4399999,
,,,-8.459999226E-3,-14.4000006,,,,,-8.459999226E-3,-1.4399999,
,,,-8.439999074E-3,-14.4000006,,,,,-8.439999074E-3,-1.5200000,
,,,-8.419998921E-3,-14.4000006,,,,,-8.419998921E-3,-1.5200000,
,,,-8.399998769E-3,-15.1999998,,,,,-8.399998769E-3,-1.5999999,
,,,-8.379998617E-3,-15.1999998,,,,,-8.379998617E-3,-1.6799999,
,,,-8.359998465E-3,-15.1999998,,,,,-8.359998465E-3,-1.6799999,
,,,-8.339999244E-3,-15.1999998,,,,,-8.339999244E-3,-1.6799999,
,,,-8.319999091E-3,-15.1999998,,,,,-8.319999091E-3,-1.7600000,
,,,-8.299998939E-3,-15.1999998,,,,,-8.299998939E-3,-1.8399999,
,,,-8.279998787E-3,-15.1999998,,,,,-8.279998787E-3,-1.8399999,
,,,-8.259998634E-3,-16.0000000,,,,,-8.259998634E-3,-1.8399999,
,,,-8.239998482E-3,-16.0000000,,,,,-8.239998482E-3,-1.9200000,
,,,-8.219999261E-3,-16.0000000,,,,,-8.219999261E-3,-1.9200000,
,,,-8.199999109E-3,-16.0000000,,,,,-8.199999109E-3,-2.0000000,
,,,-8.179998957E-3,-16.0000000,,,,,-8.179998957E-3,-2.0000000,
,,,-8.159998804E-3,-16.8000011,,,,,-8.159998804E-3,-2.0799999,
,,,-8.139998652E-3,-16.8000011,,,,,-8.139998652E-3,-2.0799999,
,,,-8.119998500E-3,-16.8000011,,,,,-8.119998500E-3,-2.1599998,
,,,-8.099999279E-3,-16.8000011,,,,,-8.099999279E-3,-2.1599998,
,,,-8.079999126E-3,-16.8000011,,,,,-8.079999126E-3,-2.2400000,
,,,-8.059998974E-3,-17.6000004,,,,,-8.059998974E-3,-2.2400000,
,,,-8.039998822E-3,-17.6000004,,,,,-8.039998822E-3,-2.3199999,
,,,-8.019998670E-3,-17.6000004,,,,,-8.019998670E-3,-2.3199999,
,,,-7.999998517E-3,-17.6000004,,,,,-7.999998517E-3,-2.3999999,
,,,-7.979999296E-3,-17.6000004,,,,,-7.979999296E-3,-2.3999999,
,,,-7.959999144E-3,-18.3999996,,,,,-7.959999144E-3,-2.4800000,
,,,-7.939998992E-3,-18.3999996,,,,,-7.939998992E-3,-2.4800000,
,,,-7.919998839E-3,-18.3999996,,,,,-7.919998839E-3,-2.5599999,
,,,-7.899998687E-3,-18.3999996,,,,,-7.899998687E-3,-2.5599999,
,,,-7.879998535E-3,-18.3999996,,,,,-7.879998535E-3,-2.6399999,
,,,-7.859999314E-3,-19.2000008,,,,,-7.859999314E-3,-2.6399999,
,,,-7.839999162E-3,-19.2000008,,,,,-7.839999162E-3,-2.6399999,
,,,-7.819999009E-3,-19.2000008,,,,,-7.819999009E-3,-2.72000003,
,,,-7.799998857E-3,-19.2000008,,,,,-7.799998857E-3,-2.72000003,
,,,-7.779999170E-3,-20.0000000,,,,,-7.779999170E-3,-2.79999995,
,,,-7.759999018E-3,-20.0000000,,,,,-7.759999018E-3,-2.79999995,
,,,-7.739998866E-3,-20.0000000,,,,,-7.739998866E-3,-2.87999988,
,,,-7.719999179E-3,-20.0000000,,,,,-7.719999179E-3,-2.87999988,
,,,-7.699999027E-3,-20.0000000,,,,,-7.699999027E-3,-2.87999988,
,,,-7.679998875E-3,-20.0000000,,,,,-7.679998875E-3,-2.96000004,
,,,-7.659998722E-3,-20.80000114,,,,,-7.659998722E-3,-2.96000004,
,,,-7.639999036E-3,-20.80000114,,,,,-7.639999036E-3,-3.03999996,
,,,-7.619998883E-3,-20.80000114,,,,,-7.619998883E-3,-3.03999996,
,,,-7.599998731E-3,-20.80000114,,,,,-7.599998731E-3,-3.11999989,
,,,-7.579999045E-3,-21.60000038,,,,,-7.579999045E-3,-3.11999989,
,,,-7.559998892E-3,-21.60000038,,,,,-7.559998892E-3,-3.19999981,
,,,-7.539998740E-3,-21.60000038,,,,,-7.539998740E-3,-3.19999981,
,,,-7.519999053E-3,-21.60000038,,,,,-7.519999053E-3,-3.19999981,
,,,-7.499998901E-3,-21.60000038,,,,,-7.499998901E-3,-3.27999997,
,,,-7.479998749E-3,-22.39999962,,,,,-7.479998749E-3,-3.27999997,
,,,-7.459999062E-3,-22.39999962,,,,,-7.459999062E-3,-3.35999990,
,,,-7.439998910E-3,-22.39999962,,,,,-7.439998910E-3,-3.35999990,
,,,-7.419998758E-3,-22.39999962,,,,,-7.419998758E-3,-3.43999982,
,,,-7.399999071E-3,-23.20000076,,,,,-7.399999071E-3,-3.43999982,
,,,-7.37999892E-3,-23.20000076,,,,,-7.37999892E-3,-3.43999982,
,,,-7.35999877E-3,-23.20000076,,,,,-7.35999877E-3,-3.51999998,
,,,-7.33999908E-3,-23.20000076,,,,,-7.33999908E-3,-3.51999998,
,,,-7.31999893E-3,-23.20000076,,,,,-7.31999893E-3,-3.51999998,
,,,-7.29999878E-3,-24.00000000,,,,,-7.29999878E-3,-3.59999990,
,,,-7.27999909E-3,-24.00000000,,,,,-7.27999909E-3,-3.59999990,
,,,-7.25999894E-3,-24.00000000,,,,,-7.25999894E-3,-3.67999983,
,,,-7.23999878E-3,-24.00000000,,,,,-7.23999878E-3,-3.67999983,
,,,-7.21999910E-3,-24.00000000,,,,,-7.21999910E-3,-3.67999983,
,,,-7.19999894E-3,-24.80000114,,,,,-7.19999894E-3,-3.75999999,
,,,-7.17999879E-3,-24.80000114,,,,,-7.17999879E-3,-3.75999999,
,,,-7.15999911E-3,-24.80000114,,,,,-7.15999911E-3,-3.83999991,
,,,-7.13999895E-3,-24.80000114,,,,,-7.13999895E-3,-3.83999991,
,,,-7.11999880E-3,-25.60000038,,,,,-7.11999880E-3,-3.83999991,
,,,-7.09999911E-3,-25.60000038,,,,,-7.09999911E-3,-3.91999984,
,,,-7.07999896E-3,-25.60000038,,,,,-7.07999896E-3,-3.91999984,
,,,-7.05999881E-3,-25.60000038,,,,,-7.05999881E-3,-3.91999984,
,,,-7.03999912E-3,-25.60000038,,,,,-7.03999912E-3,-4.00000000,
,,,-7.01999897E-3,-26.39999962,,,,,-7.01999897E-3,-4.00000000,
,,,-6.99999882E-3,-26.39999962,,,,,-6.99999882E-3,-4.00000000,
,,,-6.97999913E-3,-26.39999962,,,,,-6.97999913E-3,-4.07999992,
,,,-6.95999898E-3,-26.39999962,,,,,-6.95999898E-3,-4.07999992,
,,,-6.93999883E-3,-27.20000076,,,,,-6.93999883E-3,-4.15999985,
,,,-6.91999914E-3,-27.20000076,,,,,-6.91999914E-3,-4.15999985,
,,,-6.89999899E-3,-27.20000076,,,,,-6.89999899E-3,-4.15999985,
,,,-6.87999884E-3,-27.20000076,,,,,-6.87999884E-3,-4.15999985,
,,,-6.85999915E-3,-27.20000076,,,,,-6.85999915E-3,-4.23999977,
,,,-6.83999900E-3,-28.00000000,,,,,-6.83999900E-3,-4.23999977,
,,,-6.81999885E-3,-28.00000000,,,,,-6.81999885E-3,-4.23999977,
,,,-6.79999916E-3,-28.00000000,,,,,-6.79999916E-3,-4.31999969,
,,,-6.77999901E-3,-28.00000000,,,,,-6.77999901E-3,-4.31999969,
,,,-6.75999885E-3,-28.00000000,,,,,-6.75999885E-3,-4.31999969,
,,,-6.73999917E-3,-28.00000000,,,,,-6.73999917E-3,-4.40000010,
,,,-6.71999902E-3,-28.80000114,,,,,-6.71999902E-3,-4.40000010,
,,,-6.69999886E-3,-28.80000114,,,,,-6.69999886E-3,-4.40000010,
,,,-6.67999918E-3,-28.80000114,,,,,-6.67999918E-3,-4.48000002,
,,,-6.65999902E-3,-28.80000114,,,,,-6.65999902E-3,-4.48000002,
,,,-6.63999887E-3,-28.80000114,,,,,-6.63999887E-3,-4.55999994,
,,,-6.61999919E-3,-28.80000114,,,,,-6.61999919E-3,-4.55999994,
,,,-6.59999903E-3,-29.60000038,,,,,-6.59999903E-3,-4.55999994,
,,,-6.57999888E-3,-29.60000038,,,,,-6.57999888E-3,-4.55999994,
,,,-6.55999919E-3,-29.60000038,,,,,-6.55999919E-3,-4.63999987,
,,,-6.53999904E-3,-29.60000038,,,,,-6.53999904E-3,-4.63999987,
,,,-6.51999889E-3,-30.39999962,,,,,-6.51999889E-3,-4.63999987,
,,,-6.49999920E-3,-30.39999962,,,,,-6.49999920E-3,-4.71999979,
,,,-6.47999905E-3,-30.39999962,,,,,-6.47999905E-3,-4.71999979,
,,,-6.45999890E-3,-30.39999962,,,,,-6.45999890E-3,-4.71999979,
,,,-6.43999875E-3,-30.39999962,,,,,-6.43999875E-3,-4.71999979,
,,,-6.41999906E-3,-30.39999962,,,,,-6.41999906E-3,-4.79999971,
,,,-6.39999891E-3,-31.20000076,,,,,-6.39999891E-3,-4.79999971,
,,,-6.37999875E-3,-31.20000076,,,,,-6.37999875E-3,-4.79999971,
,,,-6.35999907E-3,-31.20000076,,,,,-6.35999907E-3,-4.88000011,
,,,-6.33999892E-3,-31.20000076,,,,,-6.33999892E-3,-4.88000011,
,,,-6.31999876E-3,-31.20000076,,,,,-6.31999876E-3,-4.88000011,
,,,-6.29999908E-3,-31.20000076,,,,,-6.29999908E-3,-4.88000011,
,,,-6.27999892E-3,-32.00000000,,,,,-6.27999892E-3,-4.96000004,
,,,-6.25999877E-3,-32.00000000,,,,,-6.25999877E-3,-4.96000004,
,,,-6.23999909E-3,-32.00000000,,,,,-6.23999909E-3,-4.96000004,
,,,-6.21999893E-3,-32.00000000,,,,,-6.21999893E-3,-4.96000004,
,,,-6.19999878E-3,-32.00000000,,,,,-6.19999878E-3,-5.03999996,
,,,-6.17999909E-3,-32.00000000,,,,,-6.17999909E-3,-5.03999996,
,,,-6.15999894E-3,-32.00000000,,,,,-6.15999894E-3,-5.03999996,
,,,-6.13999879E-3,-32.79999924,,,,,-6.13999879E-3,-5.03999996,
,,,-6.11999910E-3,-32.79999924,,,,,-6.11999910E-3,-5.03999996,
,,,-6.09999895E-3,-32.79999924,,,,,-6.09999895E-3,-5.11999989,
,,,-6.07999880E-3,-32.79999924,,,,,-6.07999880E-3,-5.11999989,
,,,-6.05999911E-3,-32.79999924,,,,,-6.05999911E-3,-5.11999989,
,,,-6.03999896E-3,-32.79999924,,,,,-6.03999896E-3,-5.11999989,
,,,-6.01999881E-3,-32.79999924,,,,,-6.01999881E-3,-5.11999989,
,,,-5.99999912E-3,-32.79999924,,,,,-5.99999912E-3,-5.11999989,
,,,-5.97999897E-3,-33.60000229,,,,,-5.97999897E-3,-5.19999981,
,,,-5.95999882E-3,-33.60000229,,,,,-5.95999882E-3,-5.19999981,
,,,-5.93999913E-3,-33.60000229,,,,,-5.93999913E-3,-5.19999981,
,,,-5.91999898E-3,-33.60000229,,,,,-5.91999898E-3,-5.19999981,
,,,-5.89999883E-3,-33.60000229,,,,,-5.89999883E-3,-5.19999981,
,,,-5.87999914E-3,-33.60000229,,,,,-5.87999914E-3,-5.19999981,
,,,-5.85999899E-3,-33.60000229,,,,,-5.85999899E-3,-5.27999973,
,,,-5.83999883E-3,-33.60000229,,,,,-5.83999883E-3,-5.27999973,
,,,-5.81999915E-3,-34.40000153,,,,,-5.81999915E-3,-5.27999973,
,,,-5.79999899E-3,-34.40000153,,,,,-5.79999899E-3,-5.27999973,
,,,-5.77999884E-3,-34.40000153,,,,,-5.77999884E-3,-5.27999973,
,,,-5.75999916E-3,-34.40000153,,,,,-5.75999916E-3,-5.27999973,
,,,-5.73999900E-3,-34.40000153,,,,,-5.73999900E-3,-5.35999966,
,,,-5.71999885E-3,-34.40000153,,,,,-5.71999885E-3,-5.35999966,
,,,-5.69999916E-3,-34.40000153,,,,,-5.69999916E-3,-5.35999966,
,,,-5.67999901E-3,-34.40000153,,,,,-5.67999901E-3,-5.35999966,
,,,-5.65999886E-3,-35.20000076,,,,,-5.65999886E-3,-5.35999966,
,,,-5.63999917E-3,-35.20000076,,,,,-5.63999917E-3,-5.35999966,
,,,-5.61999902E-3,-35.20000076,,,,,-5.61999902E-3,-5.44000006,
,,,-5.59999887E-3,-35.20000076,,,,,-5.59999887E-3,-5.44000006,
,,,-5.57999918E-3,-35.20000076,,,,,-5.57999918E-3,-5.44000006,
,,,-5.55999903E-3,-35.20000076,,,,,-5.55999903E-3,-5.44000006,
,,,-5.53999888E-3,-35.20000076,,,,,-5.53999888E-3,-5.44000006,
,,,-5.51999919E-3,-35.20000076,,,,,-5.51999919E-3,-5.44000006,
,,,-5.49999904E-3,-35.20000076,,,,,-5.49999904E-3,-5.44000006,
,,,-5.47999889E-3,-35.20000076,,,,,-5.47999889E-3,-5.44000006,
,,,-5.45999920E-3,-36.00000000,,,,,-5.45999920E-3,-5.44000006,
,,,-5.43999905E-3,-35.20000076,,,,,-5.43999905E-3,-5.44000006,
,,,-5.41999890E-3,-36.00000000,,,,,-5.41999890E-3,-5.51999998,
,,,-5.39999921E-3,-36.00000000,,,,,-5.39999921E-3,-5.51999998,
,,,-5.37999906E-3,-36.00000000,,,,,-5.37999906E-3,-5.51999998,
,,,-5.35999890E-3,-36.00000000,,,,,-5.35999890E-3,-5.51999998,
,,,-5.33999922E-3,-36.00000000,,,,,-5.33999922E-3,-5.51999998,
,,,-5.31999907E-3,-36.00000000,,,,,-5.31999907E-3,-5.51999998,
,,,-5.29999891E-3,-36.00000000,,,,,-5.29999891E-3,-5.51999998,
,,,-5.27999923E-3,-36.00000000,,,,,-5.27999923E-3,-5.51999998,
,,,-5.25999907E-3,-36.00000000,,,,,-5.25999907E-3,-5.51999998,
,,,-5.23999892E-3,-36.00000000,,,,,-5.23999892E-3,-5.51999998,
,,,-5.21999924E-3,-36.00000000,,,,,-5.21999924E-3,-5.51999998,
,,,-5.19999908E-3,-36.00000000,,,,,-5.19999908E-3,-5.59999990,
,,,-5.17999893E-3,-36.00000000,,,,,-5.17999893E-3,-5.59999990,
,,,-5.15999924E-3,-36.00000000,,,,,-5.15999924E-3,-5.59999990,
,,,-5.13999909E-3,-36.00000000,,,,,-5.13999909E-3,-5.59999990,
,,,-5.11999894E-3,-36.00000000,,,,,-5.11999894E-3,-5.59999990,
,,,-5.09999879E-3,-36.00000000,,,,,-5.09999879E-3,-5.59999990,
,,,-5.07999910E-3,-36.00000000,,,,,-5.07999910E-3,-5.59999990,
,,,-5.05999895E-3,-36.00000000,,,,,-5.05999895E-3,-5.59999990,
,,,-5.03999880E-3,-36.00000000,,,,,-5.03999880E-3,-5.59999990,
,,,-5.01999911E-3,-36.79999924,,,,,-5.01999911E-3,-5.59999990,
,,,-4.99999896E-3,-36.79999924,,,,,-4.99999896E-3,-5.59999990,
,,,-4.97999880E-3,-36.79999924,,,,,-4.97999880E-3,-5.59999990,
,,,-4.95999912E-3,-36.79999924,,,,,-4.95999912E-3,-5.59999990,
,,,-4.93999897E-3,-36.00000000,,,,,-4.93999897E-3,-5.59999990,
,,,-4.91999881E-3,-36.79999924,,,,,-4.91999881E-3,-5.59999990,
,,,-4.89999913E-3,-36.79999924,,,,,-4.89999913E-3,-5.59999990,
,,,-4.87999897E-3,-36.79999924,,,,,-4.87999897E-3,-5.59999990,
,,,-4.85999882E-3,-36.79999924,,,,,-4.85999882E-3,-5.59999990,
,,,-4.83999914E-3,-36.79999924,,,,,-4.83999914E-3,-5.59999990,
,,,-4.81999898E-3,-36.79999924,,,,,-4.81999898E-3,-5.59999990,
,,,-4.79999883E-3,-36.79999924,,,,,-4.79999883E-3,-5.59999990,
,,,-4.77999914E-3,-36.79999924,,,,,-4.77999914E-3,-5.59999990,
,,,-4.75999899E-3,-36.79999924,,,,,-4.75999899E-3,-5.59999990,
,,,-4.73999884E-3,-36.79999924,,,,,-4.73999884E-3,-5.59999990,
,,,-4.71999915E-3,-36.79999924,,,,,-4.71999915E-3,-5.67999983,
,,,-4.69999900E-3,-36.79999924,,,,,-4.69999900E-3,-5.59999990,
,,,-4.67999885E-3,-36.00000000,,,,,-4.67999885E-3,-5.59999990,
,,,-4.65999916E-3,-36.79999924,,,,,-4.65999916E-3,-5.59999990,
,,,-4.63999901E-3,-36.00000000,,,,,-4.63999901E-3,-5.59999990,
,,,-4.61999886E-3,-36.79999924,,,,,-4.61999886E-3,-5.59999990,
,,,-4.59999917E-3,-36.79999924,,,,,-4.59999917E-3,-5.67999983,
,,,-4.57999902E-3,-36.00000000,,,,,-4.57999902E-3,-5.59999990,
,,,-4.55999887E-3,-36.00000000,,,,,-4.55999887E-3,-5.59999990,
,,,-4.53999918E-3,-36.00000000,,,,,-4.53999918E-3,-5.67999983,
,,,-4.51999903E-3,-36.00000000,,,,,-4.51999903E-3,-5.67999983,
,,,-4.49999887E-3,-36.00000000,,,,,-4.49999887E-3,-5.67999983,
,,,-4.47999919E-3,-36.00000000,,,,,-4.47999919E-3,-5.59999990,
,,,-4.45999904E-3,-36.00000000,,,,,-4.45999904E-3,-5.67999983,
,,,-4.43999888E-3,-36.00000000,,,,,-4.43999888E-3,-5.59999990,
,,,-4.41999920E-3,-36.00000000,,,,,-4.41999920E-3,-5.67999983,
,,,-4.39999904E-3,-36.00000000,,,,,-4.39999904E-3,-5.67999983,
,,,-4.37999889E-3,-36.00000000,,,,,-4.37999889E-3,-5.67999983,
,,,-4.35999921E-3,-36.00000000,,,,,-4.35999921E-3,-5.67999983,
,,,-4.33999905E-3,-36.00000000,,,,,-4.33999905E-3,-5.59999990,
,,,-4.31999890E-3,-36.00000000,,,,,-4.31999890E-3,-5.67999983,
,,,-4.29999921E-3,-36.00000000,,,,,-4.29999921E-3,-5.67999983,
,,,-4.27999906E-3,-36.00000000,,,,,-4.27999906E-3,-5.59999990,
,,,-4.25999891E-3,-36.00000000,,,,,-4.25999891E-3,-5.59999990,
,,,-4.23999922E-3,-36.00000000,,,,,-4.23999922E-3,-5.67999983,
,,,-4.21999907E-3,-36.00000000,,,,,-4.21999907E-3,-5.59999990,
,,,-4.19999892E-3,-35.20000076,,,,,-4.19999892E-3,-5.59999990,
,,,-4.17999923E-3,-35.20000076,,,,,-4.17999923E-3,-5.59999990,
,,,-4.15999908E-3,-35.20000076,,,,,-4.15999908E-3,-5.59999990,
,,,-4.13999893E-3,-35.20000076,,,,,-4.13999893E-3,-5.59999990,
,,,-4.11999924E-3,-35.20000076,,,,,-4.11999924E-3,-5.59999990,
,,,-4.09999909E-3,-35.20000076,,,,,-4.09999909E-3,-5.59999990,
,,,-4.07999894E-3,-35.20000076,,,,,-4.07999894E-3,-5.59999990,
,,,-4.05999925E-3,-35.20000076,,,,,-4.05999925E-3,-5.59999990,
,,,-4.03999910E-3,-35.20000076,,,,,-4.03999910E-3,-5.59999990,
,,,-4.01999895E-3,-34.40000153,,,,,-4.01999895E-3,-5.59999990,
,,,-3.99999926E-3,-34.40000153,,,,,-3.99999926E-3,-5.59999990,
,,,-3.97999911E-3,-34.40000153,,,,,-3.97999911E-3,-5.59999990,
,,,-3.95999895E-3,-34.40000153,,,,,-3.95999895E-3,-5.59999990,
,,,-3.93999927E-3,-34.40000153,,,,,-3.93999927E-3,-5.59999990,
,,,-3.91999912E-3,-34.40000153,,,,,-3.91999912E-3,-5.59999990,
,,,-3.89999896E-3,-34.40000153,,,,,-3.89999896E-3,-5.59999990,
,,,-3.87999904E-3,-34.40000153,,,,,-3.87999904E-3,-5.59999990,
,,,-3.85999912E-3,-33.60000229,,,,,-3.85999912E-3,-5.59999990,
,,,-3.83999897E-3,-33.60000229,,,,,-3.83999897E-3,-5.59999990,
,,,-3.81999905E-3,-33.60000229,,,,,-3.81999905E-3,-5.59999990,
,,,-3.79999913E-3,-33.60000229,,,,,-3.79999913E-3,-5.59999990,
,,,-3.77999898E-3,-33.60000229,,,,,-3.77999898E-3,-5.59999990,
,,,-3.75999906E-3,-33.60000229,,,,,-3.75999906E-3,-5.51999998,
,,,-3.73999914E-3,-33.60000229,,,,,-3.73999914E-3,-5.51999998,
,,,-3.71999899E-3,-32.79999924,,,,,-3.71999899E-3,-5.51999998,
,,,-3.69999907E-3,-32.79999924,,,,,-3.69999907E-3,-5.51999998,
,,,-3.67999915E-3,-32.79999924,,,,,-3.67999915E-3,-5.51999998,
,,,-3.65999900E-3,-32.79999924,,,,,-3.65999900E-3,-5.51999998,
,,,-3.63999908E-3,-32.79999924,,,,,-3.63999908E-3,-5.51999998,
,,,-3.61999916E-3,-32.00000000,,,,,-3.61999916E-3,-5.51999998,
,,,-3.59999901E-3,-32.00000000,,,,,-3.59999901E-3,-5.51999998,
,,,-3.57999909E-3,-32.00000000,,,,,-3.57999909E-3,-5.51999998,
,,,-3.55999917E-3,-32.00000000,,,,,-3.55999917E-3,-5.51999998,
,,,-3.53999902E-3,-32.00000000,,,,,-3.53999902E-3,-5.51999998,
,,,-3.51999910E-3,-32.00000000,,,,,-3.51999910E-3,-5.51999998,
,,,-3.49999894E-3,-31.20000076,,,,,-3.49999894E-3,-5.51999998,
,,,-3.47999902E-3,-31.20000076,,,,,-3.47999902E-3,-5.51999998,
,,,-3.45999910E-3,-31.20000076,,,,,-3.45999910E-3,-5.51999998,
,,,-3.43999895E-3,-31.20000076,,,,,-3.43999895E-3,-5.44000006,
,,,-3.41999903E-3,-31.20000076,,,,,-3.41999903E-3,-5.44000006,
,,,-3.39999911E-3,-30.39999962,,,,,-3.39999911E-3,-5.44000006,
,,,-3.37999896E-3,-30.39999962,,,,,-3.37999896E-3,-5.44000006,
,,,-3.35999904E-3,-30.39999962,,,,,-3.35999904E-3,-5.44000006,
,,,-3.33999912E-3,-30.39999962,,,,,-3.33999912E-3,-5.44000006,
,,,-3.31999897E-3,-29.60000038,,,,,-3.31999897E-3,-5.44000006,
,,,-3.29999905E-3,-29.60000038,,,,,-3.29999905E-3,-5.44000006,
,,,-3.27999913E-3,-29.60000038,,,,,-3.27999913E-3,-5.44000006,
,,,-3.25999898E-3,-29.60000038,,,,,-3.25999898E-3,-5.44000006,
,,,-3.23999906E-3,-29.60000038,,,,,-3.23999906E-3,-5.35999966,
,,,-3.21999914E-3,-28.80000114,,,,,-3.21999914E-3,-5.35999966,
,,,-3.19999899E-3,-28.80000114,,,,,-3.19999899E-3,-5.35999966,
,,,-3.17999907E-3,-28.80000114,,,,,-3.17999907E-3,-5.35999966,
,,,-3.15999915E-3,-28.80000114,,,,,-3.15999915E-3,-5.35999966,
,,,-3.13999900E-3,-28.00000000,,,,,-3.13999900E-3,-5.35999966,
,,,-3.11999908E-3,-28.00000000,,,,,-3.11999908E-3,-5.35999966,
,,,-3.09999916E-3,-28.00000000,,,,,-3.09999916E-3,-5.35999966,
,,,-3.07999901E-3,-28.00000000,,,,,-3.07999901E-3,-5.35999966,
,,,-3.05999909E-3,-28.00000000,,,,,-3.05999909E-3,-5.27999973,
,,,-3.03999917E-3,-27.20000076,,,,,-3.03999917E-3,-5.27999973,
,,,-3.01999901E-3,-27.20000076,,,,,-3.01999901E-3,-5.27999973,
,,,-2.99999909E-3,-27.20000076,,,,,-2.99999909E-3,-5.27999973,
,,,-2.97999918E-3,-27.20000076,,,,,-2.97999918E-3,-5.27999973,
,,,-2.95999902E-3,-26.39999962,,,,,-2.95999902E-3,-5.27999973,
,,,-2.93999910E-3,-26.39999962,,,,,-2.93999910E-3,-5.27999973,
,,,-2.91999895E-3,-26.39999962,,,,,-2.91999895E-3,-5.19999981,
,,,-2.89999903E-3,-26.39999962,,,,,-2.89999903E-3,-5.19999981,
,,,-2.87999911E-3,-25.60000038,,,,,-2.87999911E-3,-5.19999981,
,,,-2.85999896E-3,-25.60000038,,,,,-2.85999896E-3,-5.19999981,
,,,-2.83999904E-3,-25.60000038,,,,,-2.83999904E-3,-5.19999981,
,,,-2.81999912E-3,-25.60000038,,,,,-2.81999912E-3,-5.19999981,
,,,-2.79999897E-3,-24.80000114,,,,,-2.79999897E-3,-5.19999981,
,,,-2.77999905E-3,-24.80000114,,,,,-2.77999905E-3,-5.11999989,
,,,-2.75999913E-3,-24.80000114,,,,,-2.75999913E-3,-5.11999989,
,,,-2.73999898E-3,-24.80000114,,,,,-2.73999898E-3,-5.11999989,
,,,-2.71999906E-3,-24.00000000,,,,,-2.71999906E-3,-5.11999989,
,,,-2.6999991E-3,-24.00000000,,,,,-2.6999991E-3,-5.11999989,
,,,-2.6799990E-3,-24.00000000,,,,,-2.6799990E-3,-5.11999989,
,,,-2.6599991E-3,-23.20000076,,,,,-2.6599991E-3,-5.11999989,
,,,-2.6399991E-3,-23.20000076,,,,,-2.6399991E-3,-5.03999996,
,,,-2.6199990E-3,-23.20000076,,,,,-2.6199990E-3,-5.03999996,
,,,-2.5999991E-3,-23.20000076,,,,,-2.5999991E-3,-5.03999996,
,,,-2.5799992E-3,-22.39999962,,,,,-2.5799992E-3,-5.03999996,
,,,-2.5599990E-3,-22.39999962,,,,,-2.5599990E-3,-5.03999996,
,,,-2.5399991E-3,-22.39999962,,,,,-2.5399991E-3,-5.03999996,
,,,-2.5199992E-3,-22.39999962,,,,,-2.5199992E-3,-5.03999996,
,,,-2.4999990E-3,-21.60000038,,,,,-2.4999990E-3,-4.96000004,
,,,-2.4799991E-3,-21.60000038,,,,,-2.4799991E-3,-4.96000004,
,,,-2.4599992E-3,-21.60000038,,,,,-2.4599992E-3,-4.96000004,
,,,-2.4399990E-3,-21.60000038,,,,,-2.4399990E-3,-4.96000004,
,,,-2.4199991E-3,-20.80000114,,,,,-2.4199991E-3,-4.96000004,
,,,-2.3999992E-3,-20.80000114,,,,,-2.3999992E-3,-4.88000011,
,,,-2.3799990E-3,-20.80000114,,,,,-2.3799990E-3,-4.88000011,
,,,-2.3599991E-3,-20.80000114,,,,,-2.3599991E-3,-4.88000011,
,,,-2.3399992E-3,-20.0000000,,,,,-2.3399992E-3,-4.88000011,
,,,-2.3199990E-3,-20.0000000,,,,,-2.3199990E-3,-4.88000011,
,,,-2.2999991E-3,-20.0000000,,,,,-2.2999991E-3,-4.79999971,
,,,-2.2799992E-3,-20.0000000,,,,,-2.2799992E-3,-4.79999971,
,,,-2.2599990E-3,-19.2000008,,,,,-2.2599990E-3,-4.79999971,
,,,-2.2399991E-3,-19.2000008,,,,,-2.2399991E-3,-4.79999971,
,,,-2.2199990E-3,-19.2000008,,,,,-2.2199990E-3,-4.79999971,
,,,-2.1999991E-3,-18.3999996,,,,,-2.1999991E-3,-4.71999979,
,,,-2.1799991E-3,-18.3999996,,,,,-2.1799991E-3,-4.71999979,
,,,-2.1599990E-3,-18.3999996,,,,,-2.1599990E-3,-4.71999979,
,,,-2.1399991E-3,-18.3999996,,,,,-2.1399991E-3,-4.71999979,
,,,-2.1199991E-3,-17.6000004,,,,,-2.1199991E-3,-4.63999987,
,,,-2.0999990E-3,-17.6000004,,,,,-2.0999990E-3,-4.63999987,
,,,-2.0799991E-3,-17.6000004,,,,,-2.0799991E-3,-4.63999987,
,,,-2.0599992E-3,-17.6000004,,,,,-2.0599992E-3,-4.63999987,
,,,-2.0399990E-3,-16.8000011,,,,,-2.0399990E-3,-4.55999994,
,,,-2.0199991E-3,-16.8000011,,,,,-2.0199991E-3,-4.55999994,
,,,-1.9999992E-3,-16.8000011,,,,,-1.9999992E-3,-4.55999994,
,,,-1.9799990E-3,-16.0000000,,,,,-1.9799990E-3,-4.55999994,
,,,-1.9599991E-3,-16.0000000,,,,,-1.9599991E-3,-4.48000002,
,,,-1.9399991E-3,-16.0000000,,,,,-1.9399991E-3,-4.48000002,
,,,-1.9199991E-3,-16.0000000,,,,,-1.9199991E-3,-4.48000002,
,,,-1.8999991E-3,-15.1999998,,,,,-1.8999991E-3,-4.40000010,
,,,-1.8799991E-3,-15.1999998,,,,,-1.8799991E-3,-4.40000010,
,,,-1.8599991E-3,-15.1999998,,,,,-1.8599991E-3,-4.40000010,
,,,-1.8399991E-3,-14.4000006,,,,,-1.8399991E-3,-4.40000010,
,,,-1.8199991E-3,-14.4000006,,,,,-1.8199991E-3,-4.31999969,
,,,-1.7999990E-3,-14.4000006,,,,,-1.7999990E-3,-4.31999969,
,,,-1.7799991E-3,-14.4000006,,,,,-1.7799991E-3,-4.31999969,
,,,-1.7599991E-3,-13.6000004,,,,,-1.7599991E-3,-4.23999977,
,,,-1.7399990E-3,-13.6000004,,,,,-1.7399990E-3,-4.23999977,
,,,-1.7199991E-3,-13.6000004,,,,,-1.7199991E-3,-4.23999977,
,,,-1.6999991E-3,-13.6000004,,,,,-1.6999991E-3,-4.23999977,
,,,-1.6799991E-3,-12.8000002,,,,,-1.6799991E-3,-4.23999977,
,,,-1.6599991E-3,-12.8000002,,,,,-1.6599991E-3,-4.15999985,
,,,-1.6399991E-3,-12.8000002,,,,,-1.6399991E-3,-4.15999985,
,,,-1.6199991E-3,-12.8000002,,,,,-1.6199991E-3,-4.15999985,
,,,-1.5999991E-3,-12.0000000,,,,,-1.5999991E-3,-4.07999992,
,,,-1.5799991E-3,-12.0000000,,,,,-1.5799991E-3,-4.07999992,
,,,-1.5599991E-3,-12.0000000,,,,,-1.5599991E-3,-4.07999992,
,,,-1.5399992E-3,-12.0000000,,,,,-1.5399992E-3,-4.00000000,
,,,-1.5199991E-3,-11.1999998,,,,,-1.5199991E-3,-4.00000000,
,,,-1.4999991E-3,-11.1999998,,,,,-1.4999991E-3,-4.00000000,
,,,-1.4799992E-3,-11.1999998,,,,,-1.4799992E-3,-3.91999984,
,,,-1.4599991E-3,-11.1999998,,,,,-1.4599991E-3,-3.91999984,
,,,-1.4399991E-3,-10.4000006,,,,,-1.4399991E-3,-3.91999984,
,,,-1.4199991E-3,-10.4000006,,,,,-1.4199991E-3,-3.83999991,
,,,-1.3999991E-3,-10.4000006,,,,,-1.3999991E-3,-3.83999991,
,,,-1.3799991E-3,-10.4000006,,,,,-1.3799991E-3,-3.83999991,
,,,-1.3599991E-3,-9.600000381,,,,,-1.3599991E-3,-3.83999991,
,,,-1.3399991E-3,-9.600000381,,,,,-1.3399991E-3,-3.75999999,
,,,-1.3199991E-3,-9.600000381,,,,,-1.3199991E-3,-3.75999999,
,,,-1.2999991E-3,-8.800000191,,,,,-1.2999991E-3,-3.75999999,
,,,-1.2799992E-3,-8.800000191,,,,,-1.2799992E-3,-3.67999983,
,,,-1.2599991E-3,-8.800000191,,,,,-1.2599991E-3,-3.67999983,
,,,-1.2399991E-3,-8.800000191,,,,,-1.2399991E-3,-3.59999990,
,,,-1.2199992E-3,-8.000000000,,,,,-1.2199992E-3,-3.59999990,
,,,-1.1999991E-3,-8.000000000,,,,,-1.1999991E-3,-3.59999990,
,,,-1.1799991E-3,-8.000000000,,,,,-1.1799991E-3,-3.51999998,
,,,-1.1599991E-3,-8.000000000,,,,,-1.1599991E-3,-3.51999998,
,,,-1.1399991E-3,-7.20000029,,,,,-1.1399991E-3,-3.51999998,
,,,-1.1199991E-3,-7.20000029,,,,,-1.1199991E-3,-3.43999982,
,,,-1.0999991E-3,-7.20000029,,,,,-1.0999991E-3,-3.43999982,
,,,-1.0799991E-3,-7.20000029,,,,,-1.0799991E-3,-3.43999982,
,,,-1.0599991E-3,-6.40000010,,,,,-1.0599991E-3,-3.43999982,
,,,-1.0399991E-3,-6.40000010,,,,,-1.0399991E-3,-3.35999990,
,,,-1.0199992E-3,-6.40000010,,,,,-1.0199992E-3,-3.35999990,
,,,-999.999116175E-6,-6.40000010,,,,,-999.999116175E-6,-3.35999990,
,,,-979.999080300E-6,-5.59999990,,,,,-979.999080300E-6,-3.27999997,
,,,-959.999102633E-6,-5.59999990,,,,,-959.999102633E-6,-3.27999997,
,,,-939.999124967E-6,-5.59999990,,,,,-939.999124967E-6,-3.19999981,
,,,-919.999089092E-6,-5.59999990,,,,,-919.999089092E-6,-3.19999981,
,,,-899.999111425E-6,-4.80000019,,,,,-899.999111425E-6,-3.19999981,
,,,-879.999133758E-6,-4.80000019,,,,,-879.999133758E-6,-3.11999989,
,,,-859.999097884E-6,-4.80000019,,,,,-859.999097884E-6,-3.11999989,
,,,-839.999120217E-6,-4.80000019,,,,,-839.999120217E-6,-3.11999989,
,,,-819.999142550E-6,-4.80000019,,,,,-819.999142550E-6,-3.03999996,
,,,-799.999106675E-6,-4.00000000,,,,,-799.999106675E-6,-2.96000004,
,,,-779.999129009E-6,-4.00000000,,,,,-779.999129009E-6,-2.96000004,
,,,-759.999151342E-6,-4.00000000,,,,,-759.999151342E-6,-2.96000004,
,,,-739.999115467E-6,-3.20000005,,,,,-739.999115467E-6,-2.87999988,
,,,-719.999137800E-6,-3.20000005,,,,,-719.999137800E-6,-2.87999988,
,,,-699.999101926E-6,-3.20000005,,,,,-699.999101926E-6,-2.79999995,
,,,-679.999124259E-6,-3.20000005,,,,,-679.999124259E-6,-2.79999995,
,,,-659.999146592E-6,-2.4000001,,,,,-659.999146592E-6,-2.79999995,
,,,-639.999110717E-6,-2.4000001,,,,,-639.999110717E-6,-2.72000003,
,,,-619.999133050E-6,-2.4000001,,,,,-619.999133050E-6,-2.72000003,
,,,-599.999097176E-6,-2.4000001,,,,,-599.999097176E-6,-2.72000003,
,,,-579.999119509E-6,-2.4000001,,,,,-579.999119509E-6,-2.6399999,
,,,-559.999141842E-6,-1.6000000,,,,,-559.999141842E-6,-2.6399999,
,,,-539.999105968E-6,-1.6000000,,,,,-539.999105968E-6,-2.5599999,
,,,-519.999128301E-6,-1.6000000,,,,,-519.999128301E-6,-2.5599999,
,,,-499.999150634E-6,-800.000011921E-3,,,,,-499.999150634E-6,-2.5599999,
,,,-479.999114759E-6,-800.000011921E-3,,,,,-479.999114759E-6,-2.4800000,
,,,-459.999137092E-6,-800.000011921E-3,,,,,-459.999137092E-6,-2.4800000,
,,,-439.999130322E-6,-800.000011921E-3,,,,,-439.999130322E-6,-2.3999999,
,,,-419.999123551E-6,0.0,,,,,-419.999123551E-6,-2.3999999,
,,,-399.99914588E-6,0.0,,,,,-399.99914588E-6,-2.3199999,
,,,-379.99913911E-6,0.0,,,,,-379.99913911E-6,-2.3199999,
,,,-359.99913234E-6,0.0,,,,,-359.99913234E-6,-2.3199999,
,,,-339.99912557E-6,800.000011921E-3,,,,,-339.99912557E-6,-2.2400000,
,,,-319.99911880E-6,800.000011921E-3,,,,,-319.99911880E-6,-2.2400000,
,,,-299.99914113E-6,800.000011921E-3,,,,,-299.99914113E-6,-2.1599998,
,,,-279.99913436E-6,800.000011921E-3,,,,,-279.99913436E-6,-2.1599998,
,,,-259.99912759E-6,800.000011921E-3,,,,,-259.99912759E-6,-2.1599998,
,,,-239.99913537E-6,1.6000000,,,,,-239.99913537E-6,-2.0799999,
,,,-219.99914316E-6,1.6000000,,,,,-219.99914316E-6,-2.0799999,
,,,-199.99913638E-6,1.6000000,,,,,-199.99913638E-6,-2.0000000,
,,,-179.99912961E-6,1.6000000,,,,,-179.99912961E-6,-2.0000000,
,,,-159.99913740E-6,2.4000001,,,,,-159.99913740E-6,-1.9200000,
,,,-139.9991452E-6,2.4000001,,,,,-139.9991452E-6,-1.9200000,
,,,-119.9991384E-6,2.4000001,,,,,-119.9991384E-6,-1.8399999,
,,,-99.999138911E-6,2.4000001,,,,,-99.999138911E-6,-1.8399999,
,,,-79.999139416E-6,2.4000001,,,,,-79.999139416E-6,-1.8399999,
,,,-59.999139921E-6,2.4000001,,,,,-59.999139921E-6,-1.7600000,
,,,-39.99914043E-6,3.20000005,,,,,-39.99914043E-6,-1.7600000,
,,,-19.9991409E-6,3.20000005,,,,,-19.9991409E-6,-1.6799999,
,,,858.562994957E-12,3.20000005,,,,,858.562994957E-12,-1.6799999,
,,,20.0008581E-6,3.20000005,,,,,20.0008581E-6,-1.5999999,
,,,40.00085755E-6,4.00000000,,,,,40.00085755E-6,-1.5999999,
,,,60.000857047E-6,4.00000000,,,,,60.000857047E-6,-1.5200000,
,,,80.000856542E-6,4.00000000,,,,,80.000856542E-6,-1.5200000,
,,,100.0008560E-6,4.00000000,,,,,100.0008560E-6,-1.4399999,
,,,120.0008555E-6,4.00000000,,,,,120.0008555E-6,-1.4399999,
,,,140.0008623E-6,4.80000019,,,,,140.0008623E-6,-1.3600000,
,,,160.00085452E-6,4.80000019,,,,,160.00085452E-6,-1.3600000,
,,,180.00084674E-6,4.80000019,,,,,180.00084674E-6,-1.2800000,
,,,200.00085351E-6,4.80000019,,,,,200.00085351E-6,-1.2800000,
,,,220.00086028E-6,5.59999990,,,,,220.00086028E-6,-1.1999999,
,,,240.00085250E-6,5.59999990,,,,,240.00085250E-6,-1.1999999,
,,,260.00084472E-6,5.59999990,,,,,260.00084472E-6,-1.1200000,
,,,280.00085149E-6,5.59999990,,,,,280.00085149E-6,-1.1200000,
,,,300.00085826E-6,5.59999990,,,,,300.00085826E-6,-1.0400000,
,,,320.00086503E-6,6.40000010,,,,,320.00086503E-6,-1.0400000,
,,,340.00084270E-6,6.40000010,,,,,340.00084270E-6,-1.0400000,
,,,360.00084947E-6,6.40000010,,,,,360.00084947E-6,-959.999978542E-3,
,,,380.00085624E-6,6.40000010,,,,,380.00085624E-6,-959.999978542E-3,
,,,400.00083391E-6,7.20000029,,,,,400.00083391E-6,-879.999995232E-3,
,,,420.000840677E-6,7.20000029,,,,,420.000840677E-6,-879.999995232E-3,
,,,440.000847448E-6,7.20000029,,,,,440.000847448E-6,-799.999952316E-3,
,,,460.000854218E-6,7.20000029,,,,,460.000854218E-6,-799.999952316E-3,
,,,480.000860989E-6,7.20000029,,,,,480.000860989E-6,-719.999969006E-3,
,,,500.000838656E-6,7.20000029,,,,,500.000838656E-6,-719.999969006E-3,
,,,520.000816323E-6,8.000000000,,,,,520.000816323E-6,-639.999985695E-3,
,,,540.000852197E-6,8.000000000,,,,,540.000852197E-6,-639.999985695E-3,
,,,560.000829864E-6,8.000000000,,,,,560.000829864E-6,-560.000002384E-3,
,,,580.000865739E-6,8.000000000,,,,,580.000865739E-6,-560.000002384E-3,
,,,600.000843406E-6,8.800000191,,,,,600.000843406E-6,-479.999989271E-3,
,,,620.000821073E-6,8.800000191,,,,,620.000821073E-6,-399.99997616E-3,
,,,640.000856947E-6,8.800000191,,,,,640.000856947E-6,-399.99997616E-3,
,,,660.000834614E-6,8.800000191,,,,,660.000834614E-6,-319.99999285E-3,
,,,680.000870489E-6,8.800000191,,,,,680.000870489E-6,-319.99999285E-3,
,,,700.000848155E-6,8.800000191,,,,,700.000848155E-6,-239.99999464E-3,
,,,720.000825822E-6,9.600000381,,,,,720.000825822E-6,-239.99999464E-3,
,,,740.000861697E-6,9.600000381,,,,,740.000861697E-6,-159.99999642E-3,
,,,760.000839364E-6,9.600000381,,,,,760.000839364E-6,-159.99999642E-3,
,,,780.000817031E-6,9.600000381,,,,,780.000817031E-6,-79.999998212E-3,
,,,800.000852905E-6,9.600000381,,,,,800.000852905E-6,0.0,
,,,820.000830572E-6,9.600000381,,,,,820.000830572E-6,0.0,
,,,840.000808239E-6,9.600000381,,,,,840.000808239E-6,79.999998212E-3,
,,,860.000844114E-6,10.4000006,,,,,860.000844114E-6,79.999998212E-3,
,,,880.000821780E-6,10.4000006,,,,,880.000821780E-6,159.99999642E-3,
,,,900.000857655E-6,10.4000006,,,,,900.000857655E-6,159.99999642E-3,
,,,920.000835322E-6,10.4000006,,,,,920.000835322E-6,239.99999464E-3,
,,,940.000812989E-6,10.4000006,,,,,940.000812989E-6,239.99999464E-3,
,,,960.000848863E-6,10.4000006,,,,,960.000848863E-6,319.99999285E-3,
,,,980.000826530E-6,10.4000006,,,,,980.000826530E-6,319.99999285E-3,
,,,1.0000009E-3,11.1999998,,,,,1.0000009E-3,399.99997616E-3,
,,,1.0200008E-3,11.1999998,,,,,1.0200008E-3,399.99997616E-3,
,,,1.0400008E-3,11.1999998,,,,,1.0400008E-3,479.999989271E-3,
,,,1.0600009E-3,11.1999998,,,,,1.0600009E-3,479.999989271E-3,
,,,1.0800008E-3,11.1999998,,,,,1.0800008E-3,560.000002384E-3,
,,,1.1000008E-3,12.0000000,,,,,1.1000008E-3,560.000002384E-3,
,,,1.1200008E-3,12.0000000,,,,,1.1200008E-3,639.999985695E-3,
,,,1.1400009E-3,12.0000000,,,,,1.1400009E-3,639.999985695E-3,
,,,1.1600008E-3,12.0000000,,,,,1.1600008E-3,719.999969006E-3,
,,,1.1800008E-3,12.0000000,,,,,1.1800008E-3,719.999969006E-3,
,,,1.2000009E-3,12.8000002,,,,,1.2000009E-3,799.999952316E-3,
,,,1.2200008E-3,12.8000002,,,,,1.2200008E-3,799.999952316E-3,
,,,1.2400008E-3,12.8000002,,,,,1.2400008E-3,879.999995232E-3,
,,,1.2600009E-3,12.8000002,,,,,1.2600009E-3,959.999978542E-3,
,,,1.2800008E-3,12.8000002,,,,,1.2800008E-3,959.999978542E-3,
,,,1.3000008E-3,12.8000002,,,,,1.3000008E-3,959.999978542E-3,
,,,1.3200009E-3,13.6000004,,,,,1.3200009E-3,1.0400000,
,,,1.3400008E-3,13.6000004,,,,,1.3400008E-3,1.1200000,
,,,1.3600008E-3,13.6000004,,,,,1.3600008E-3,1.1200000,
,,,1.3800008E-3,13.6000004,,,,,1.3800008E-3,1.1999999,
,,,1.4000009E-3,13.6000004,,,,,1.4000009E-3,1.1999999,
,,,1.4200008E-3,14.4000006,,,,,1.4200008E-3,1.2800000,
,,,1.4400008E-3,14.4000006,,,,,1.4400008E-3,1.2800000,
,,,1.4600009E-3,14.4000006,,,,,1.4600009E-3,1.2800000,
,,,1.4800008E-3,14.4000006,,,,,1.4800008E-3,1.3600000,
,,,1.5000008E-3,14.4000006,,,,,1.5000008E-3,1.4399999,
,,,1.5200009E-3,14.4000006,,,,,1.5200009E-3,1.4399999,
,,,1.5400008E-3,15.1999998,,,,,1.5400008E-3,1.5200000,
,,,1.5600008E-3,15.1999998,,,,,1.5600008E-3,1.5999999,
,,,1.5800009E-3,15.1999998,,,,,1.5800009E-3,1.5999999,
,,,1.6000008E-3,15.1999998,,,,,1.6000008E-3,1.5999999,
,,,1.6200008E-3,15.1999998,,,,,1.6200008E-3,1.6799999,
,,,1.6400008E-3,15.1999998,,,,,1.6400008E-3,1.6799999,
,,,1.6600008E-3,16.0000000,,,,,1.6600008E-3,1.7600000,
,,,1.6800008E-3,16.0000000,,,,,1.6800008E-3,1.8399999,
,,,1.7000008E-3,16.0000000,,,,,1.7000008E-3,1.8399999,
,,,1.7200008E-3,16.0000000,,,,,1.7200008E-3,1.9200000,
,,,1.7400008E-3,16.8000011,,,,,1.7400008E-3,1.9200000,
,,,1.7600008E-3,16.8000011,,,,,1.7600008E-3,2.0000000,
,,,1.7800009E-3,16.8000011,,,,,1.7800009E-3,2.0000000,
,,,1.8000008E-3,16.8000011,,,,,1.8000008E-3,2.0799999,
,,,1.8200008E-3,16.8000011,,,,,1.8200008E-3,2.0799999,
,,,1.8400009E-3,17.6000004,,,,,1.8400009E-3,2.0799999,
,,,1.8600008E-3,17.6000004,,,,,1.8600008E-3,2.1599998,
,,,1.8800008E-3,17.6000004,,,,,1.8800008E-3,2.1599998,
,,,1.9000008E-3,17.6000004,,,,,1.9000008E-3,2.2400000,
,,,1.9200008E-3,17.6000004,,,,,1.9200008E-3,2.2400000,
,,,1.9400008E-3,17.6000004,,,,,1.9400008E-3,2.3199999,
,,,1.9600007E-3,18.3999996,,,,,1.9600007E-3,2.3199999,
,,,1.9800009E-3,18.3999996,,,,,1.9800009E-3,2.3999999,
,,,2.0000008E-3,18.3999996,,,,,2.0000008E-3,2.3999999,
,,,2.0200007E-3,18.3999996,,,,,2.0200007E-3,2.4800000,
,,,2.0400009E-3,18.3999996,,,,,2.0400009E-3,2.4800000,
,,,2.0600008E-3,18.3999996,,,,,2.0600008E-3,2.5599999,
,,,2.0800007E-3,19.2000008,,,,,2.0800007E-3,2.5599999,
,,,2.1000009E-3,19.2000008,,,,,2.1000009E-3,2.6399999,
,,,2.1200008E-3,19.2000008,,,,,2.1200008E-3,2.6399999,
,,,2.1400007E-3,19.2000008,,,,,2.1400007E-3,2.6399999,
,,,2.1600008E-3,19.2000008,,,,,2.1600008E-3,2.72000003,
,,,2.1800008E-3,20.0000000,,,,,2.1800008E-3,2.79999995,
,,,2.2000009E-3,20.0000000,,,,,2.2000009E-3,2.79999995,
,,,2.2200008E-3,20.0000000,,,,,2.2200008E-3,2.79999995,
,,,2.2400008E-3,20.0000000,,,,,2.2400008E-3,2.87999988,
,,,2.2600009E-3,20.80000114,,,,,2.2600009E-3,2.87999988,
,,,2.2800008E-3,20.80000114,,,,,2.2800008E-3,2.96000004,
,,,2.3000007E-3,20.80000114,,,,,2.3000007E-3,2.96000004,
,,,2.3200009E-3,20.80000114,,,,,2.3200009E-3,3.03999996,
,,,2.3400008E-3,20.80000114,,,,,2.3400008E-3,3.03999996,
,,,2.3600007E-3,21.60000038,,,,,2.3600007E-3,3.11999989,
,,,2.3800009E-3,21.60000038,,,,,2.3800009E-3,3.11999989,
,,,2.4000008E-3,21.60000038,,,,,2.4000008E-3,3.19999981,
,,,2.4200007E-3,21.60000038,,,,,2.4200007E-3,3.19999981,
,,,2.4400009E-3,22.39999962,,,,,2.4400009E-3,3.19999981,
,,,2.4600008E-3,22.39999962,,,,,2.4600008E-3,3.27999997,
,,,2.4800007E-3,22.39999962,,,,,2.4800007E-3,3.27999997,
,,,2.5000009E-3,22.39999962,,,,,2.5000009E-3,3.35999990,
,,,2.5200008E-3,23.20000076,,,,,2.5200008E-3,3.35999990,
,,,2.5400007E-3,23.20000076,,,,,2.5400007E-3,3.35999990,
,,,2.5600009E-3,23.20000076,,,,,2.5600009E-3,3.43999982,
,,,2.5800008E-3,23.20000076,,,,,2.5800008E-3,3.43999982,
,,,2.6000007E-3,23.20000076,,,,,2.6000007E-3,3.51999998,
,,,2.6200009E-3,24.00000000,,,,,2.6200009E-3,3.51999998,
,,,2.6400008E-3,24.00000000,,,,,2.6400008E-3,3.51999998,
,,,2.6600007E-3,24.00000000,,,,,2.6600007E-3,3.59999990,
,,,2.6800008E-3,24.00000000,,,,,2.6800008E-3,3.59999990,
,,,2.7000008E-3,24.80000114,,,,,2.7000008E-3,3.67999983,
,,,2.72000069E-3,24.80000114,,,,,2.72000069E-3,3.67999983,
,,,2.74000084E-3,24.80000114,,,,,2.74000084E-3,3.67999983,
,,,2.76000076E-3,24.80000114,,,,,2.76000076E-3,3.75999999,
,,,2.78000068E-3,24.80000114,,,,,2.78000068E-3,3.75999999,
,,,2.80000083E-3,25.60000038,,,,,2.80000083E-3,3.75999999,
,,,2.82000075E-3,25.60000038,,,,,2.82000075E-3,3.83999991,
,,,2.84000067E-3,25.60000038,,,,,2.84000067E-3,3.83999991,
,,,2.86000082E-3,25.60000038,,,,,2.86000082E-3,3.83999991,
,,,2.88000074E-3,26.39999962,,,,,2.88000074E-3,3.91999984,
,,,2.90000089E-3,26.39999962,,,,,2.90000089E-3,3.91999984,
,,,2.92000081E-3,26.39999962,,,,,2.92000081E-3,4.00000000,
,,,2.94000073E-3,26.39999962,,,,,2.94000073E-3,4.00000000,
,,,2.96000089E-3,26.39999962,,,,,2.96000089E-3,4.00000000,
,,,2.98000081E-3,27.20000076,,,,,2.98000081E-3,4.07999992,
,,,3.00000072E-3,27.20000076,,,,,3.00000072E-3,4.07999992,
,,,3.02000088E-3,27.20000076,,,,,3.02000088E-3,4.07999992,
,,,3.04000080E-3,27.20000076,,,,,3.04000080E-3,4.15999985,
,,,3.06000072E-3,27.20000076,,,,,3.06000072E-3,4.15999985,
,,,3.08000087E-3,28.00000000,,,,,3.08000087E-3,4.15999985,
,,,3.10000079E-3,28.00000000,,,,,3.10000079E-3,4.23999977,
,,,3.12000071E-3,28.00000000,,,,,3.12000071E-3,4.23999977,
,,,3.14000086E-3,28.00000000,,,,,3.14000086E-3,4.31999969,
,,,3.16000078E-3,28.00000000,,,,,3.16000078E-3,4.31999969,
,,,3.18000070E-3,28.80000114,,,,,3.18000070E-3,4.31999969,
,,,3.20000085E-3,28.80000114,,,,,3.20000085E-3,4.40000010,
,,,3.22000077E-3,28.80000114,,,,,3.22000077E-3,4.40000010,
,,,3.24000069E-3,28.80000114,,,,,3.24000069E-3,4.48000002,
,,,3.26000084E-3,28.80000114,,,,,3.26000084E-3,4.48000002,
,,,3.28000076E-3,29.60000038,,,,,3.28000076E-3,4.48000002,
,,,3.30000068E-3,29.60000038,,,,,3.30000068E-3,4.48000002,
,,,3.32000083E-3,29.60000038,,,,,3.32000083E-3,4.55999994,
,,,3.34000075E-3,29.60000038,,,,,3.34000075E-3,4.55999994,
,,,3.36000067E-3,30.39999962,,,,,3.36000067E-3,4.55999994,
,,,3.38000082E-3,30.39999962,,,,,3.38000082E-3,4.63999987,
,,,3.40000074E-3,30.39999962,,,,,3.40000074E-3,4.63999987,
,,,3.42000066E-3,30.39999962,,,,,3.42000066E-3,4.63999987,
,,,3.44000082E-3,30.39999962,,,,,3.44000082E-3,4.63999987,
,,,3.46000073E-3,30.39999962,,,,,3.46000073E-3,4.71999979,
,,,3.48000089E-3,31.20000076,,,,,3.48000089E-3,4.71999979,
,,,3.50000081E-3,31.20000076,,,,,3.50000081E-3,4.71999979,
,,,3.52000073E-3,31.20000076,,,,,3.52000073E-3,4.79999971,
,,,3.54000088E-3,31.20000076,,,,,3.54000088E-3,4.79999971,
,,,3.56000080E-3,31.20000076,,,,,3.56000080E-3,4.79999971,
,,,3.58000072E-3,31.20000076,,,,,3.58000072E-3,4.79999971,
,,,3.60000087E-3,32.00000000,,,,,3.60000087E-3,4.88000011,
,,,3.62000079E-3,32.00000000,,,,,3.62000079E-3,4.88000011,
,,,3.64000071E-3,32.00000000,,,,,3.64000071E-3,4.88000011,
,,,3.66000086E-3,32.00000000,,,,,3.66000086E-3,4.96000004,
,,,3.68000078E-3,32.00000000,,,,,3.68000078E-3,4.96000004,
,,,3.70000070E-3,32.00000000,,,,,3.70000070E-3,4.96000004,
,,,3.72000085E-3,32.79999924,,,,,3.72000085E-3,4.96000004,
,,,3.74000077E-3,32.79999924,,,,,3.74000077E-3,5.03999996,
,,,3.76000069E-3,32.79999924,,,,,3.76000069E-3,5.03999996,
,,,3.78000084E-3,32.79999924,,,,,3.78000084E-3,5.03999996,
,,,3.80000076E-3,32.79999924,,,,,3.80000076E-3,5.03999996,
,,,3.82000068E-3,32.79999924,,,,,3.82000068E-3,5.03999996,
,,,3.84000083E-3,33.60000229,,,,,3.84000083E-3,5.11999989,
,,,3.86000075E-3,33.60000229,,,,,3.86000075E-3,5.11999989,
,,,3.88000067E-3,33.60000229,,,,,3.88000067E-3,5.11999989,
,,,3.90000083E-3,33.60000229,,,,,3.90000083E-3,5.11999989,
,,,3.92000098E-3,33.60000229,,,,,3.92000098E-3,5.19999981,
,,,3.94000066E-3,33.60000229,,,,,3.94000066E-3,5.19999981,
,,,3.96000082E-3,33.60000229,,,,,3.96000082E-3,5.19999981,
,,,3.98000097E-3,33.60000229,,,,,3.98000097E-3,5.19999981,
,,,4.00000066E-3,33.60000229,,,,,4.00000066E-3,5.19999981,
,,,4.02000081E-3,34.40000153,,,,,4.02000081E-3,5.19999981,
,,,4.04000096E-3,34.40000153,,,,,4.04000096E-3,5.27999973,
,,,4.06000065E-3,34.40000153,,,,,4.06000065E-3,5.27999973,
,,,4.08000080E-3,34.40000153,,,,,4.08000080E-3,5.27999973,
,,,4.10000095E-3,34.40000153,,,,,4.10000095E-3,5.27999973,
,,,4.12000064E-3,34.40000153,,,,,4.12000064E-3,5.27999973,
,,,4.14000079E-3,34.40000153,,,,,4.14000079E-3,5.27999973,
,,,4.16000094E-3,34.40000153,,,,,4.16000094E-3,5.35999966,
,,,4.18000063E-3,34.40000153,,,,,4.18000063E-3,5.35999966,
,,,4.20000078E-3,35.20000076,,,,,4.20000078E-3,5.35999966,
,,,4.22000093E-3,35.20000076,,,,,4.22000093E-3,5.35999966,
,,,4.24000062E-3,35.20000076,,,,,4.24000062E-3,5.35999966,
,,,4.26000077E-3,35.20000076,,,,,4.26000077E-3,5.35999966,
,,,4.28000093E-3,35.20000076,,,,,4.28000093E-3,5.35999966,
,,,4.30000061E-3,35.20000076,,,,,4.30000061E-3,5.35999966,
,,,4.32000076E-3,35.20000076,,,,,4.32000076E-3,5.35999966,
,,,4.34000092E-3,35.20000076,,,,,4.34000092E-3,5.44000006,
,,,4.36000060E-3,36.00000000,,,,,4.36000060E-3,5.44000006,
,,,4.38000076E-3,36.00000000,,,,,4.38000076E-3,5.44000006,
,,,4.40000091E-3,36.00000000,,,,,4.40000091E-3,5.44000006,
,,,4.42000059E-3,36.00000000,,,,,4.42000059E-3,5.44000006,
,,,4.44000075E-3,36.00000000,,,,,4.44000075E-3,5.44000006,
,,,4.46000090E-3,36.00000000,,,,,4.46000090E-3,5.44000006,
,,,4.48000059E-3,36.00000000,,,,,4.48000059E-3,5.51999998,
,,,4.50000074E-3,36.00000000,,,,,4.50000074E-3,5.51999998,
,,,4.52000089E-3,36.00000000,,,,,4.52000089E-3,5.51999998,
,,,4.54000058E-3,36.00000000,,,,,4.54000058E-3,5.51999998,
,,,4.56000073E-3,36.00000000,,,,,4.56000073E-3,5.51999998,
,,,4.58000088E-3,36.00000000,,,,,4.58000088E-3,5.51999998,
,,,4.60000057E-3,36.79999924,,,,,4.60000057E-3,5.51999998,
,,,4.62000072E-3,36.79999924,,,,,4.62000072E-3,5.51999998,
,,,4.64000087E-3,36.79999924,,,,,4.64000087E-3,5.51999998,
,,,4.66000056E-3,36.79999924,,,,,4.66000056E-3,5.59999990,
,,,4.68000071E-3,36.79999924,,,,,4.68000071E-3,5.51999998,
,,,4.70000086E-3,36.79999924,,,,,4.70000086E-3,5.59999990,
,,,4.72000055E-3,36.79999924,,,,,4.72000055E-3,5.59999990,
,,,4.74000070E-3,36.79999924,,,,,4.74000070E-3,5.59999990,
,,,4.76000085E-3,36.79999924,,,,,4.76000085E-3,5.59999990,
,,,4.78000054E-3,36.79999924,,,,,4.78000054E-3,5.59999990,
,,,4.80000069E-3,36.79999924,,,,,4.80000069E-3,5.59999990,
,,,4.82000085E-3,36.79999924,,,,,4.82000085E-3,5.59999990,
,,,4.84000053E-3,36.79999924,,,,,4.84000053E-3,5.59999990,
,,,4.86000068E-3,36.79999924,,,,,4.86000068E-3,5.59999990,
,,,4.88000084E-3,36.79999924,,,,,4.88000084E-3,5.59999990,
,,,4.90000052E-3,36.79999924,,,,,4.90000052E-3,5.59999990,
,,,4.92000068E-3,36.79999924,,,,,4.92000068E-3,5.59999990,
,,,4.94000083E-3,36.79999924,,,,,4.94000083E-3,5.59999990,
,,,4.96000051E-3,36.79999924,,,,,4.96000051E-3,5.59999990,
,,,4.98000067E-3,36.79999924,,,,,4.98000067E-3,5.59999990,
,,,5.00000082E-3,36.79999924,,,,,5.00000082E-3,5.59999990,
,,,5.02000051E-3,36.79999924,,,,,5.02000051E-3,5.59999990,
,,,5.04000066E-3,36.79999924,,,,,5.04000066E-3,5.67999983,
,,,5.06000081E-3,37.60000229,,,,,5.06000081E-3,5.67999983,
,,,5.08000050E-3,36.79999924,,,,,5.08000050E-3,5.67999983,
,,,5.10000065E-3,37.60000229,,,,,5.10000065E-3,5.67999983,
,,,5.12000080E-3,36.79999924,,,,,5.12000080E-3,5.67999983,
,,,5.14000095E-3,37.60000229,,,,,5.14000095E-3,5.67999983,
,,,5.16000064E-3,37.60000229,,,,,5.16000064E-3,5.67999983,
,,,5.18000079E-3,37.60000229,,,,,5.18000079E-3,5.67999983,
,,,5.20000095E-3,37.60000229,,,,,5.20000095E-3,5.67999983,
,,,5.22000063E-3,37.60000229,,,,,5.22000063E-3,5.67999983,
,,,5.24000078E-3,36.79999924,,,,,5.24000078E-3,5.67999983,
,,,5.26000094E-3,36.79999924,,,,,5.26000094E-3,5.67999983,
,,,5.28000062E-3,36.79999924,,,,,5.28000062E-3,5.67999983,
,,,5.30000078E-3,37.60000229,,,,,5.30000078E-3,5.67999983,
,,,5.32000093E-3,36.79999924,,,,,5.32000093E-3,5.67999983,
,,,5.34000061E-3,36.79999924,,,,,5.34000061E-3,5.67999983,
,,,5.36000077E-3,36.79999924,,,,,5.36000077E-3,5.67999983,
,,,5.38000092E-3,36.79999924,,,,,5.38000092E-3,5.67999983,
,,,5.40000061E-3,36.79999924,,,,,5.40000061E-3,5.67999983,
,,,5.42000076E-3,36.79999924,,,,,5.42000076E-3,5.67999983,
,,,5.44000091E-3,36.79999924,,,,,5.44000091E-3,5.67999983,
,,,5.46000060E-3,36.79999924,,,,,5.46000060E-3,5.67999983,
,,,5.48000075E-3,36.79999924,,,,,5.48000075E-3,5.67999983,
,,,5.50000090E-3,36.79999924,,,,,5.50000090E-3,5.67999983,
,,,5.52000059E-3,36.79999924,,,,,5.52000059E-3,5.67999983,
,,,5.54000074E-3,36.79999924,,,,,5.54000074E-3,5.67999983,
,,,5.56000089E-3,36.79999924,,,,,5.56000089E-3,5.67999983,
,,,5.58000058E-3,36.79999924,,,,,5.58000058E-3,5.67999983,
,,,5.60000073E-3,36.79999924,,,,,5.60000073E-3,5.67999983,
,,,5.62000088E-3,36.79999924,,,,,5.62000088E-3,5.67999983,
,,,5.64000057E-3,36.79999924,,,,,5.64000057E-3,5.67999983,
,,,5.66000072E-3,36.79999924,,,,,5.66000072E-3,5.67999983,
,,,5.68000088E-3,36.79999924,,,,,5.68000088E-3,5.67999983,
,,,5.70000056E-3,36.79999924,,,,,5.70000056E-3,5.67999983,
,,,5.72000071E-3,36.79999924,,,,,5.72000071E-3,5.67999983,
,,,5.74000087E-3,36.00000000,,,,,5.74000087E-3,5.67999983,
,,,5.76000055E-3,36.00000000,,,,,5.76000055E-3,5.67999983,
,,,5.78000071E-3,36.00000000,,,,,5.78000071E-3,5.67999983,
,,,5.80000086E-3,36.00000000,,,,,5.80000086E-3,5.67999983,
,,,5.82000054E-3,36.00000000,,,,,5.82000054E-3,5.67999983,
,,,5.84000070E-3,36.00000000,,,,,5.84000070E-3,5.67999983,
,,,5.86000085E-3,36.00000000,,,,,5.86000085E-3,5.67999983,
,,,5.88000054E-3,36.00000000,,,,,5.88000054E-3,5.67999983,
,,,5.90000069E-3,36.00000000,,,,,5.90000069E-3,5.59999990,
,,,5.92000084E-3,36.00000000,,,,,5.92000084E-3,5.59999990,
,,,5.94000053E-3,36.00000000,,,,,5.94000053E-3,5.59999990,
,,,5.96000068E-3,35.20000076,,,,,5.96000068E-3,5.59999990,
,,,5.98000083E-3,35.20000076,,,,,5.98000083E-3,5.59999990,
,,,6.00000052E-3,35.20000076,,,,,6.00000052E-3,5.59999990,
,,,6.02000067E-3,35.20000076,,,,,6.02000067E-3,5.59999990,
,,,6.04000082E-3,35.20000076,,,,,6.04000082E-3,5.59999990,
,,,6.06000051E-3,35.20000076,,,,,6.06000051E-3,5.59999990,
,,,6.08000066E-3,34.40000153,,,,,6.08000066E-3,5.59999990,
,,,6.10000081E-3,34.40000153,,,,,6.10000081E-3,5.59999990,
,,,6.12000050E-3,34.40000153,,,,,6.12000050E-3,5.59999990,
,,,6.14000065E-3,34.40000153,,,,,6.14000065E-3,5.59999990,
,,,6.16000080E-3,34.40000153,,,,,6.16000080E-3,5.59999990,
,,,6.18000049E-3,34.40000153,,,,,6.18000049E-3,5.59999990,
,,,6.20000064E-3,34.40000153,,,,,6.20000064E-3,5.59999990,
,,,6.22000080E-3,33.60000229,,,,,6.22000080E-3,5.59999990,
,,,6.24000048E-3,33.60000229,,,,,6.24000048E-3,5.59999990,
,,,6.26000063E-3,33.60000229,,,,,6.26000063E-3,5.59999990,
,,,6.28000079E-3,33.60000229,,,,,6.28000079E-3,5.59999990,
,,,6.30000047E-3,33.60000229,,,,,6.30000047E-3,5.59999990,
,,,6.32000063E-3,33.60000229,,,,,6.32000063E-3,5.59999990,
,,,6.34000078E-3,33.60000229,,,,,6.34000078E-3,5.51999998,
,,,6.36000093E-3,33.60000229,,,,,6.36000093E-3,5.51999998,
,,,6.38000062E-3,32.79999924,,,,,6.38000062E-3,5.51999998,
,,,6.40000077E-3,32.79999924,,,,,6.40000077E-3,5.51999998,
,,,6.42000092E-3,32.79999924,,,,,6.42000092E-3,5.51999998,
,,,6.44000061E-3,32.79999924,,,,,6.44000061E-3,5.51999998,
,,,6.46000076E-3,32.79999924,,,,,6.46000076E-3,5.51999998,
,,,6.48000091E-3,32.00000000,,,,,6.48000091E-3,5.51999998,
,,,6.50000060E-3,32.00000000,,,,,6.50000060E-3,5.51999998,
,,,6.52000075E-3,32.00000000,,,,,6.52000075E-3,5.51999998,
,,,6.54000090E-3,32.00000000,,,,,6.54000090E-3,5.51999998,
,,,6.56000059E-3,32.00000000,,,,,6.56000059E-3,5.51999998,
,,,6.58000074E-3,31.20000076,,,,,6.58000074E-3,5.51999998,
,,,6.60000090E-3,31.20000076,,,,,6.60000090E-3,5.51999998,
,,,6.62000058E-3,31.20000076,,,,,6.62000058E-3,5.44000006,
,,,6.64000073E-3,31.20000076,,,,,6.64000073E-3,5.44000006,
,,,6.66000089E-3,31.20000076,,,,,6.66000089E-3,5.44000006,
,,,6.68000057E-3,30.39999962,,,,,6.68000057E-3,5.44000006,
,,,6.70000073E-3,30.39999962,,,,,6.70000073E-3,5.44000006,
,,,6.72000088E-3,30.39999962,,,,,6.72000088E-3,5.44000006,
,,,6.74000056E-3,30.39999962,,,,,6.74000056E-3,5.44000006,
,,,6.76000072E-3,29.60000038,,,,,6.76000072E-3,5.44000006,
,,,6.78000087E-3,29.60000038,,,,,6.78000087E-3,5.44000006,
,,,6.80000056E-3,29.60000038,,,,,6.80000056E-3,5.44000006,
,,,6.82000071E-3,29.60000038,,,,,6.82000071E-3,5.35999966,
,,,6.84000086E-3,29.60000038,,,,,6.84000086E-3,5.35999966,
,,,6.86000055E-3,28.80000114,,,,,6.86000055E-3,5.35999966,
,,,6.88000070E-3,28.80000114,,,,,6.88000070E-3,5.35999966,
,,,6.90000085E-3,28.80000114,,,,,6.90000085E-3,5.35999966,
,,,6.92000054E-3,28.80000114,,,,,6.92000054E-3,5.35999966,
,,,6.94000069E-3,28.00000000,,,,,6.94000069E-3,5.35999966,
,,,6.96000084E-3,28.00000000,,,,,6.96000084E-3,5.35999966,
,,,6.98000053E-3,28.00000000,,,,,6.98000053E-3,5.35999966,
,,,7.00000068E-3,28.00000000,,,,,7.00000068E-3,5.27999973,
,,,7.02000083E-3,27.20000076,,,,,7.02000083E-3,5.27999973,
,,,7.04000052E-3,27.20000076,,,,,7.04000052E-3,5.27999973,
,,,7.06000067E-3,27.20000076,,,,,7.06000067E-3,5.27999973,
,,,7.08000083E-3,27.20000076,,,,,7.08000083E-3,5.27999973,
,,,7.10000051E-3,26.39999962,,,,,7.10000051E-3,5.27999973,
,,,7.12000066E-3,26.39999962,,,,,7.12000066E-3,5.27999973,
,,,7.14000082E-3,26.39999962,,,,,7.14000082E-3,5.27999973,
,,,7.16000050E-3,26.39999962,,,,,7.16000050E-3,5.27999973,
,,,7.18000066E-3,25.60000038,,,,,7.18000066E-3,5.19999981,
,,,7.20000081E-3,25.60000038,,,,,7.20000081E-3,5.19999981,
,,,7.22000049E-3,25.60000038,,,,,7.22000049E-3,5.19999981,
,,,7.24000065E-3,25.60000038,,,,,7.24000065E-3,5.19999981,
,,,7.26000080E-3,24.80000114,,,,,7.26000080E-3,5.19999981,
,,,7.28000049E-3,24.80000114,,,,,7.28000049E-3,5.19999981,
,,,7.30000064E-3,24.80000114,,,,,7.30000064E-3,5.19999981,
,,,7.32000079E-3,24.80000114,,,,,7.32000079E-3,5.11999989,
,,,7.34000048E-3,24.00000000,,,,,7.34000048E-3,5.11999989,
,,,7.36000063E-3,24.00000000,,,,,7.36000063E-3,5.11999989,
,,,7.38000078E-3,24.00000000,,,,,7.38000078E-3,5.11999989,
,,,7.400000468E-3,23.20000076,,,,,7.400000468E-3,5.11999989,
,,,7.420000620E-3,23.20000076,,,,,7.420000620E-3,5.11999989,
,,,7.440000772E-3,23.20000076,,,,,7.440000772E-3,5.03999996,
,,,7.460000459E-3,23.20000076,,,,,7.460000459E-3,5.03999996,
,,,7.480000611E-3,22.39999962,,,,,7.480000611E-3,5.03999996,
,,,7.500000764E-3,22.39999962,,,,,7.500000764E-3,5.03999996,
,,,7.520000450E-3,22.39999962,,,,,7.520000450E-3,5.03999996,
,,,7.540000603E-3,22.39999962,,,,,7.540000603E-3,5.03999996,
,,,7.560000755E-3,21.60000038,,,,,7.560000755E-3,4.96000004,
,,,7.580000442E-3,21.60000038,,,,,7.580000442E-3,4.96000004,
,,,7.600000594E-3,21.60000038,,,,,7.600000594E-3,4.96000004,
,,,7.620000746E-3,21.60000038,,,,,7.620000746E-3,4.96000004,
,,,7.640000433E-3,20.80000114,,,,,7.640000433E-3,4.96000004,
,,,7.660000585E-3,20.80000114,,,,,7.660000585E-3,4.88000011,
,,,7.680000737E-3,20.80000114,,,,,7.680000737E-3,4.88000011,
,,,7.700000890E-3,20.0000000,,,,,7.700000890E-3,4.88000011,
,,,7.720000576E-3,20.0000000,,,,,7.720000576E-3,4.88000011,
,,,7.740000729E-3,20.0000000,,,,,7.740000729E-3,4.88000011,
,,,7.760000881E-3,20.0000000,,,,,7.760000881E-3,4.79999971,
,,,7.780000567E-3,19.2000008,,,,,7.780000567E-3,4.79999971,
,,,7.800000720E-3,19.2000008,,,,,7.800000720E-3,4.79999971,
,,,7.820000872E-3,19.2000008,,,,,7.820000872E-3,4.79999971,
,,,7.840001024E-3,19.2000008,,,,,7.840001024E-3,4.71999979,
,,,7.860000245E-3,18.3999996,,,,,7.860000245E-3,4.71999979,
,,,7.880000398E-3,18.3999996,,,,,7.880000398E-3,4.71999979,
,,,7.900000550E-3,18.3999996,,,,,7.900000550E-3,4.71999979,
,,,7.920000702E-3,17.6000004,,,,,7.920000702E-3,4.63999987,
,,,7.940000854E-3,17.6000004,,,,,7.940000854E-3,4.63999987,
,,,7.960001007E-3,17.6000004,,,,,7.960001007E-3,4.63999987,
,,,7.980000228E-3,17.6000004,,,,,7.980000228E-3,4.63999987,
,,,8.000000380E-3,17.6000004,,,,,8.000000380E-3,4.63999987,
,,,8.020000532E-3,16.8000011,,,,,8.020000532E-3,4.55999994,
,,,8.040000685E-3,16.8000011,,,,,8.040000685E-3,4.55999994,
,,,8.060000837E-3,16.8000011,,,,,8.060000837E-3,4.55999994,
,,,8.080000989E-3,16.8000011,,,,,8.080000989E-3,4.55999994,
,,,8.100000210E-3,16.0000000,,,,,8.100000210E-3,4.48000002,
,,,8.120000362E-3,16.0000000,,,,,8.120000362E-3,4.48000002,
,,,8.140000515E-3,16.0000000,,,,,8.140000515E-3,4.48000002,
,,,8.160000667E-3,15.1999998,,,,,8.160000667E-3,4.48000002,
,,,8.180000819E-3,15.1999998,,,,,8.180000819E-3,4.40000010,
,,,8.200000972E-3,15.1999998,,,,,8.200000972E-3,4.40000010,
,,,8.220000193E-3,15.1999998,,,,,8.220000193E-3,4.40000010,
,,,8.240000345E-3,14.4000006,,,,,8.240000345E-3,4.31999969,
,,,8.260000497E-3,14.4000006,,,,,8.260000497E-3,4.31999969,
,,,8.280000649E-3,14.4000006,,,,,8.280000649E-3,4.31999969,
,,,8.300000802E-3,14.4000006,,,,,8.300000802E-3,4.23999977,
,,,8.320000954E-3,13.6000004,,,,,8.320000954E-3,4.23999977,
,,,8.340001106E-3,13.6000004,,,,,8.340001106E-3,4.23999977,
,,,8.360000327E-3,13.6000004,,,,,8.360000327E-3,4.15999985,
,,,8.380000480E-3,12.8000002,,,,,8.380000480E-3,4.15999985,
,,,8.400000632E-3,12.8000002,,,,,8.400000632E-3,4.15999985,
,,,8.420000784E-3,12.8000002,,,,,8.420000784E-3,4.15999985,
,,,8.440000936E-3,12.8000002,,,,,8.440000936E-3,4.07999992,
,,,8.460001089E-3,12.0000000,,,,,8.460001089E-3,4.07999992,
,,,8.480000310E-3,12.0000000,,,,,8.480000310E-3,4.07999992,
,,,8.500000462E-3,12.0000000,,,,,8.500000462E-3,4.00000000,
,,,8.520000614E-3,12.0000000,,,,,8.520000614E-3,4.00000000,
,,,8.540000767E-3,11.1999998,,,,,8.540000767E-3,4.00000000,
,,,8.560000919E-3,11.1999998,,,,,8.560000919E-3,4.00000000,
,,,8.580001071E-3,11.1999998,,,,,8.580001071E-3,3.91999984,
,,,8.600000292E-3,11.1999998,,,,,8.600000292E-3,3.91999984,
,,,8.620000444E-3,10.4000006,,,,,8.620000444E-3,3.91999984,
,,,8.640000597E-3,10.4000006,,,,,8.640000597E-3,3.83999991,
,,,8.660000749E-3,10.4000006,,,,,8.660000749E-3,3.83999991,
,,,8.680000901E-3,10.4000006,,,,,8.680000901E-3,3.75999999,
,,,8.700001054E-3,9.600000381,,,,,8.700001054E-3,3.75999999,
,,,8.720000274E-3,9.600000381,,,,,8.720000274E-3,3.75999999,
,,,8.740000427E-3,9.600000381,,,,,8.740000427E-3,3.75999999,
,,,8.760000579E-3,9.600000381,,,,,8.760000579E-3,3.67999983,
,,,8.780000731E-3,9.600000381,,,,,8.780000731E-3,3.67999983,
,,,8.800000884E-3,8.800000191,,,,,8.800000884E-3,3.67999983,
,,,8.820001036E-3,8.800000191,,,,,8.820001036E-3,3.67999983,
,,,8.840000257E-3,8.800000191,,,,,8.840000257E-3,3.59999990,
,,,8.860000409E-3,8.800000191,,,,,8.860000409E-3,3.59999990,
,,,8.880000561E-3,8.000000000,,,,,8.880000561E-3,3.51999998,
,,,8.900000714E-3,8.000000000,,,,,8.900000714E-3,3.51999998,
,,,8.920000866E-3,8.000000000,,,,,8.920000866E-3,3.51999998,
,,,8.940001018E-3,8.000000000,,,,,8.940001018E-3,3.43999982,
,,,8.960000239E-3,7.20000029,,,,,8.960000239E-3,3.43999982,
,,,8.980000392E-3,7.20000029,,,,,8.980000392E-3,3.43999982,
,,,9.000000544E-3,7.20000029,,,,,9.000000544E-3,3.35999990,
,,,9.020000696E-3,7.20000029,,,,,9.020000696E-3,3.35999990,
,,,9.040000848E-3,6.40000010,,,,,9.040000848E-3,3.35999990,
,,,9.060001001E-3,6.40000010,,,,,9.060001001E-3,3.27999997,
,,,9.080000222E-3,6.40000010,,,,,9.080000222E-3,3.27999997,
,,,9.100000374E-3,6.40000010,,,,,9.100000374E-3,3.19999981,
,,,9.120000526E-3,5.59999990,,,,,9.120000526E-3,3.19999981,
,,,9.140000679E-3,5.59999990,,,,,9.140000679E-3,3.19999981,
,,,9.160000831E-3,5.59999990,,,,,9.160000831E-3,3.11999989,
,,,9.180000983E-3,5.59999990,,,,,9.180000983E-3,3.11999989,
,,,9.200000204E-3,4.80000019,,,,,9.200000204E-3,3.11999989,
,,,9.220000356E-3,4.80000019,,,,,9.220000356E-3,3.03999996,
,,,9.240000509E-3,4.80000019,,,,,9.240000509E-3,3.03999996,
,,,9.260000661E-3,4.80000019,,,,,9.260000661E-3,2.96000004,
,,,9.280000813E-3,4.00000000,,,,,9.280000813E-3,2.96000004,
,,,9.300000966E-3,4.00000000,,,,,9.300000966E-3,2.87999988,
,,,9.320000187E-3,4.00000000,,,,,9.320000187E-3,2.87999988,
,,,9.340000339E-3,4.00000000,,,,,9.340000339E-3,2.79999995,
,,,9.360000491E-3,3.20000005,,,,,9.360000491E-3,2.79999995,
,,,9.380000643E-3,3.20000005,,,,,9.380000643E-3,2.79999995,
,,,9.400000796E-3,3.20000005,,,,,9.400000796E-3,2.72000003,
,,,9.420000948E-3,3.20000005,,,,,9.420000948E-3,2.72000003,
,,,9.440000169E-3,2.4000001,,,,,9.440000169E-3,2.72000003,
,,,9.460000321E-3,2.4000001,,,,,9.460000321E-3,2.6399999,
,,,9.480000474E-3,2.4000001,,,,,9.480000474E-3,2.6399999,
,,,9.500000626E-3,2.4000001,,,,,9.500000626E-3,2.5599999,
,,,9.520000778E-3,2.4000001,,,,,9.520000778E-3,2.5599999,
,,,9.540000930E-3,1.6000000,,,,,9.540000930E-3,2.4800000,
,,,9.560000151E-3,1.6000000,,,,,9.560000151E-3,2.4800000,
,,,9.580000304E-3,1.6000000,,,,,9.580000304E-3,2.4800000,
,,,9.600000456E-3,1.6000000,,,,,9.600000456E-3,2.3999999,
,,,9.620000608E-3,800.000011921E-3,,,,,9.620000608E-3,2.3999999,
,,,9.640000761E-3,800.000011921E-3,,,,,9.640000761E-3,2.3199999,
,,,9.660000913E-3,800.000011921E-3,,,,,9.660000913E-3,2.3199999,
,,,9.680001065E-3,800.000011921E-3,,,,,9.680001065E-3,2.3199999,
,,,9.700000286E-3,0.0,,,,,9.700000286E-3,2.2400000,
,,,9.720000438E-3,0.0,,,,,9.720000438E-3,2.2400000,
,,,9.740000591E-3,0.0,,,,,9.740000591E-3,2.1599998,
,,,9.760000743E-3,0.0,,,,,9.760000743E-3,2.1599998,
,,,9.780000895E-3,0.0,,,,,9.780000895E-3,2.0799999,
,,,9.800001048E-3,-800.000011921E-3,,,,,9.800001048E-3,2.0799999,
,,,9.820000269E-3,-800.000011921E-3,,,,,9.820000269E-3,2.0799999,
,,,9.840000421E-3,-800.000011921E-3,,,,,9.840000421E-3,2.0000000,
,,,9.860000573E-3,-1.6000000,,,,,9.860000573E-3,2.0000000,
,,,9.880000725E-3,-1.6000000,,,,,9.880000725E-3,1.9200000,
,,,9.900000878E-3,-1.6000000,,,,,9.900000878E-3,1.9200000,
,,,9.920001030E-3,-1.6000000,,,,,9.920001030E-3,1.8399999,
,,,9.940000251E-3,-1.6000000,,,,,9.940000251E-3,1.8399999,
,,,9.960000403E-3,-2.4000001,,,,,9.960000403E-3,1.8399999,
,,,9.980000556E-3,-2.4000001,,,,,9.980000556E-3,1.7600000,
,,,10.0000007E-3,-2.4000001,,,,,10.0000007E-3,1.7600000,
,,,10.0200009E-3,-2.4000001,,,,,10.0200009E-3,1.6799999,
,,,10.0400010E-3,-3.20000005,,,,,10.0400010E-3,1.6799999,
,,,10.0600002E-3,-3.20000005,,,,,10.0600002E-3,1.5999999,
,,,10.0800004E-3,-3.20000005,,,,,10.0800004E-3,1.5999999,
,,,10.1000005E-3,-3.20000005,,,,,10.1000005E-3,1.5200000,
,,,10.1200007E-3,-4.00000000,,,,,10.1200007E-3,1.5200000,
,,,10.1400008E-3,-4.00000000,,,,,10.1400008E-3,1.4399999,
,,,10.1600010E-3,-4.00000000,,,,,10.1600010E-3,1.4399999,
,,,10.1800002E-3,-4.00000000,,,,,10.1800002E-3,1.3600000,
,,,10.2000004E-3,-4.80000019,,,,,10.2000004E-3,1.3600000,
,,,10.2200005E-3,-4.80000019,,,,,10.2200005E-3,1.2800000,
,,,10.2400007E-3,-4.80000019,,,,,10.2400007E-3,1.2800000,
,,,10.2600008E-3,-4.80000019,,,,,10.2600008E-3,1.1999999,
,,,10.2800010E-3,-4.80000019,,,,,10.2800010E-3,1.1999999,
,,,10.3000002E-3,-4.80000019,,,,,10.3000002E-3,1.1200000,
,,,10.3200004E-3,-5.59999990,,,,,10.3200004E-3,1.1200000,
,,,10.3400005E-3,-5.59999990,,,,,10.3400005E-3,1.0400000,
,,,10.3600007E-3,-5.59999990,,,,,10.3600007E-3,1.0400000,
,,,10.3800008E-3,-5.59999990,,,,,10.3800008E-3,959.999978542E-3,
,,,10.4000010E-3,-5.59999990,,,,,10.4000010E-3,959.999978542E-3,
,,,10.4200002E-3,-6.40000010,,,,,10.4200002E-3,879.999995232E-3,
,,,10.4400003E-3,-6.40000010,,,,,10.4400003E-3,879.999995232E-3,
,,,10.4600005E-3,-6.40000010,,,,,10.4600005E-3,799.999952316E-3,
,,,10.4800006E-3,-6.40000010,,,,,10.4800006E-3,799.999952316E-3,
,,,10.5000008E-3,-7.20000029,,,,,10.5000008E-3,719.999969006E-3,
,,,10.5200009E-3,-7.20000029,,,,,10.5200009E-3,719.999969006E-3,
,,,10.5400002E-3,-7.20000029,,,,,10.5400002E-3,639.999985695E-3,
,,,10.5600003E-3,-7.20000029,,,,,10.5600003E-3,639.999985695E-3,
,,,10.5800005E-3,-7.20000029,,,,,10.5800005E-3,560.000002384E-3,
,,,10.6000006E-3,-7.20000029,,,,,10.6000006E-3,560.000002384E-3,
,,,10.6200008E-3,-8.000000000,,,,,10.6200008E-3,479.999989271E-3,
,,,10.6400009E-3,-8.000000000,,,,,10.6400009E-3,479.999989271E-3,
,,,10.6600001E-3,-8.000000000,,,,,10.6600001E-3,399.99997616E-3,
,,,10.6800003E-3,-8.000000000,,,,,10.6800003E-3,399.99997616E-3,
,,,10.7000005E-3,-8.000000000,,,,,10.7000005E-3,319.99999285E-3,
,,,10.7200006E-3,-8.800000191,,,,,10.7200006E-3,319.99999285E-3,
,,,10.7400008E-3,-8.800000191,,,,,10.7400008E-3,239.99999464E-3,
,,,10.7600009E-3,-8.800000191,,,,,10.7600009E-3,239.99999464E-3,
,,,10.7800001E-3,-8.800000191,,,,,10.7800001E-3,159.99999642E-3,
,,,10.8000003E-3,-8.800000191,,,,,10.8000003E-3,159.99999642E-3,
,,,10.8200004E-3,-9.600000381,,,,,10.8200004E-3,79.999998212E-3,
,,,10.8400006E-3,-9.600000381,,,,,10.8400006E-3,79.999998212E-3,
,,,10.8600007E-3,-9.600000381,,,,,10.8600007E-3,0.0,
,,,10.8800009E-3,-9.600000381,,,,,10.8800009E-3,-79.999998212E-3,
,,,10.9000010E-3,-9.600000381,,,,,10.9000010E-3,-79.999998212E-3,
,,,10.9200003E-3,-9.600000381,,,,,10.9200003E-3,-159.99999642E-3,
,,,10.9400004E-3,-10.4000006,,,,,10.9400004E-3,-159.99999642E-3,
,,,10.9600006E-3,-10.4000006,,,,,10.9600006E-3,-239.99999464E-3,
,,,10.9800007E-3,-10.4000006,,,,,10.9800007E-3,-239.99999464E-3,
,,,11.0000009E-3,-10.4000006,,,,,11.0000009E-3,-319.99999285E-3,
,,,11.0200010E-3,-10.4000006,,,,,11.0200010E-3,-319.99999285E-3,
,,,11.0400002E-3,-11.1999998,,,,,11.0400002E-3,-399.99997616E-3,
,,,11.0600004E-3,-11.1999998,,,,,11.0600004E-3,-479.999989271E-3,
,,,11.0800005E-3,-11.1999998,,,,,11.0800005E-3,-479.999989271E-3,
,,,11.1000007E-3,-11.1999998,,,,,11.1000007E-3,-560.000002384E-3,
,,,11.1200009E-3,-11.1999998,,,,,11.1200009E-3,-560.000002384E-3,
,,,11.1400010E-3,-12.0000000,,,,,11.1400010E-3,-639.999985695E-3,
,,,11.1600002E-3,-12.0000000,,,,,11.1600002E-3,-639.999985695E-3,
,,,11.1800004E-3,-12.0000000,,,,,11.1800004E-3,-719.999969006E-3,
,,,11.2000005E-3,-12.0000000,,,,,11.2000005E-3,-719.999969006E-3,
,,,11.2200007E-3,-12.0000000,,,,,11.2200007E-3,-799.999952316E-3,
,,,11.2400008E-3,-12.0000000,,,,,11.2400008E-3,-799.999952316E-3,
,,,11.2600010E-3,-12.8000002,,,,,11.2600010E-3,-879.999995232E-3,
,,,11.2800002E-3,-12.8000002,,,,,11.2800002E-3,-879.999995232E-3,
,,,11.3000004E-3,-12.8000002,,,,,11.3000004E-3,-959.999978542E-3,
,,,11.3200005E-3,-12.8000002,,,,,11.3200005E-3,-1.0400000,
,,,11.3400007E-3,-12.8000002,,,,,11.3400007E-3,-1.0400000,
,,,11.3600008E-3,-12.8000002,,,,,11.3600008E-3,-1.0400000,
,,,11.3800010E-3,-12.8000002,,,,,11.3800010E-3,-1.1200000,
,,,11.4000002E-3,-13.6000004,,,,,11.4000002E-3,-1.1200000,
,,,11.4200003E-3,-13.6000004,,,,,11.4200003E-3,-1.1999999,
,,,11.4400005E-3,-13.6000004,,,,,11.4400005E-3,-1.1999999,
,,,11.4600006E-3,-13.6000004,,,,,11.4600006E-3,-1.2800000,
,,,11.4800008E-3,-13.6000004,,,,,11.4800008E-3,-1.3600000,
,,,11.5000010E-3,-13.6000004,,,,,11.5000010E-3,-1.3600000,
,,,11.5200002E-3,-14.4000006,,,,,11.5200002E-3,-1.3600000,
,,,11.5400003E-3,-14.4000006,,,,,11.5400003E-3,-1.4399999,
,,,11.5600005E-3,-14.4000006,,,,,11.5600005E-3,-1.5200000,
,,,11.5800006E-3,-14.4000006,,,,,11.5800006E-3,-1.5200000,
,,,11.6000008E-3,-14.4000006,,,,,11.6000008E-3,-1.5999999,
,,,11.6200009E-3,-15.1999998,,,,,11.6200009E-3,-1.5999999,
,,,11.6400002E-3,-15.1999998,,,,,11.6400002E-3,-1.6799999,
,,,11.6600003E-3,-15.1999998,,,,,11.6600003E-3,-1.7600000,
,,,11.6800005E-3,-15.1999998,,,,,11.6800005E-3,-1.7600000,
,,,11.7000006E-3,-15.1999998,,,,,11.7000006E-3,-1.8399999,
,,,11.7200008E-3,-16.0000000,,,,,11.7200008E-3,-1.8399999,
,,,11.7400009E-3,-16.0000000,,,,,11.7400009E-3,-1.8399999,
,,,11.7600001E-3,-16.0000000,,,,,11.7600001E-3,-1.9200000,
,,,11.7800003E-3,-16.0000000,,,,,11.7800003E-3,-1.9200000,
,,,11.8000004E-3,-16.0000000,,,,,11.8000004E-3,-2.0000000,
,,,11.8200006E-3,-16.8000011,,,,,11.8200006E-3,-2.0000000,
,,,11.8400007E-3,-16.8000011,,,,,11.8400007E-3,-2.0799999,
,,,11.8600009E-3,-16.8000011,,,,,11.8600009E-3,-2.0799999,
,,,11.8800001E-3,-16.8000011,,,,,11.8800001E-3,-2.1599998,
,,,11.9000003E-3,-16.8000011,,,,,11.9000003E-3,-2.1599998,
,,,11.9200004E-3,-16.8000011,,,,,11.9200004E-3,-2.2400000,
,,,11.9400006E-3,-17.6000004,,,,,11.9400006E-3,-2.2400000,
,,,11.9600007E-3,-17.6000004,,,,,11.9600007E-3,-2.3199999,
,,,11.9800009E-3,-17.6000004,,,,,11.9800009E-3,-2.3199999,
,,,12.0000001E-3,-17.6000004,,,,,12.0000001E-3,-2.3999999,
,,,12.0200003E-3,-17.6000004,,,,,12.0200003E-3,-2.3999999,
,,,12.0400004E-3,-18.3999996,,,,,12.0400004E-3,-2.4800000,
,,,12.0600006E-3,-18.3999996,,,,,12.0600006E-3,-2.4800000,
,,,12.0800007E-3,-18.3999996,,,,,12.0800007E-3,-2.5599999,
,,,12.1000009E-3,-18.3999996,,,,,12.1000009E-3,-2.5599999,
,,,12.1200010E-3,-19.2000008,,,,,12.1200010E-3,-2.6399999,
,,,12.1400002E-3,-19.2000008,,,,,12.1400002E-3,-2.6399999,
,,,12.1600004E-3,-19.2000008,,,,,12.1600004E-3,-2.6399999,
,,,12.1800005E-3,-19.2000008,,,,,12.1800005E-3,-2.72000003,
,,,12.2000007E-3,-19.2000008,,,,,12.2000007E-3,-2.72000003,
,,,12.2200008E-3,-20.0000000,,,,,12.2200008E-3,-2.79999995,
,,,12.2400010E-3,-20.0000000,,,,,12.2400010E-3,-2.79999995,
,,,12.2600002E-3,-20.0000000,,,,,12.2600002E-3,-2.87999988,
,,,12.2800004E-3,-20.0000000,,,,,12.2800004E-3,-2.87999988,
,,,12.3000005E-3,-20.0000000,,,,,12.3000005E-3,-2.96000004,
,,,12.3200007E-3,-20.80000114,,,,,12.3200007E-3,-2.96000004,
,,,12.3400008E-3,-20.80000114,,,,,12.3400008E-3,-2.96000004,
,,,12.3600010E-3,-20.80000114,,,,,12.3600010E-3,-3.03999996,
,,,12.3800002E-3,-20.80000114,,,,,12.3800002E-3,-3.03999996,
,,,12.4000004E-3,-20.80000114,,,,,12.4000004E-3,-3.11999989,
,,,12.4200005E-3,-21.60000038,,,,,12.4200005E-3,-3.11999989,
,,,12.4400007E-3,-21.60000038,,,,,12.4400007E-3,-3.19999981,
,,,12.4600008E-3,-21.60000038,,,,,12.4600008E-3,-3.19999981,
,,,12.4800010E-3,-21.60000038,,,,,12.4800010E-3,-3.27999997,
,,,12.5000002E-3,-21.60000038,,,,,12.5000002E-3,-3.27999997,
,,,12.5200003E-3,-22.39999962,,,,,12.5200003E-3,-3.27999997,
,,,12.5400005E-3,-22.39999962,,,,,12.5400005E-3,-3.35999990,
,,,12.5600006E-3,-22.39999962,,,,,12.5600006E-3,-3.35999990,
,,,12.5800008E-3,-22.39999962,,,,,12.5800008E-3,-3.43999982,
,,,12.6000009E-3,-23.20000076,,,,,12.6000009E-3,-3.43999982,
,,,12.6200002E-3,-23.20000076,,,,,12.6200002E-3,-3.43999982,
,,,12.6400003E-3,-23.20000076,,,,,12.6400003E-3,-3.51999998,
,,,12.6600005E-3,-23.20000076,,,,,12.6600005E-3,-3.51999998,
,,,12.6800006E-3,-24.00000000,,,,,12.6800006E-3,-3.59999990,
,,,12.7000008E-3,-24.00000000,,,,,12.7000008E-3,-3.59999990,
,,,12.7200009E-3,-24.00000000,,,,,12.7200009E-3,-3.59999990,
,,,12.7400002E-3,-24.00000000,,,,,12.7400002E-3,-3.67999983,
,,,12.7600003E-3,-24.00000000,,,,,12.7600003E-3,-3.67999983,
,,,12.7800005E-3,-24.80000114,,,,,12.7800005E-3,-3.67999983,
,,,12.8000006E-3,-24.80000114,,,,,12.8000006E-3,-3.75999999,
,,,12.8200008E-3,-24.80000114,,,,,12.8200008E-3,-3.75999999,
,,,12.8400009E-3,-24.80000114,,,,,12.8400009E-3,-3.83999991,
,,,12.8600001E-3,-24.80000114,,,,,12.8600001E-3,-3.83999991,
,,,12.8800003E-3,-25.60000038,,,,,12.8800003E-3,-3.83999991,
,,,12.9000004E-3,-25.60000038,,,,,12.9000004E-3,-3.91999984,
,,,12.9200006E-3,-25.60000038,,,,,12.9200006E-3,-3.91999984,
,,,12.9400007E-3,-25.60000038,,,,,12.9400007E-3,-3.91999984,
,,,12.9600009E-3,-25.60000038,,,,,12.9600009E-3,-4.00000000,
,,,12.9800001E-3,-26.39999962,,,,,12.9800001E-3,-4.00000000,
,,,13.0000003E-3,-26.39999962,,,,,13.0000003E-3,-4.07999992,
,,,13.0200004E-3,-26.39999962,,,,,13.0200004E-3,-4.07999992,
,,,13.0400006E-3,-26.39999962,,,,,13.0400006E-3,-4.07999992,
,,,13.0600007E-3,-27.20000076,,,,,13.0600007E-3,-4.15999985,
,,,13.0800009E-3,-27.20000076,,,,,13.0800009E-3,-4.15999985,
,,,13.1000001E-3,-27.20000076,,,,,13.1000001E-3,-4.15999985,
,,,13.1200003E-3,-27.20000076,,,,,13.1200003E-3,-4.23999977,
,,,13.1400004E-3,-27.20000076,,,,,13.1400004E-3,-4.23999977,
,,,13.1600006E-3,-28.00000000,,,,,13.1600006E-3,-4.23999977,
,,,13.1800007E-3,-28.00000000,,,,,13.1800007E-3,-4.23999977,
,,,13.2000009E-3,-28.00000000,,,,,13.2000009E-3,-4.31999969,
,,,13.2200001E-3,-28.00000000,,,,,13.2200001E-3,-4.31999969,
,,,13.2400002E-3,-28.00000000,,,,,13.2400002E-3,-4.31999969,
,,,13.2600004E-3,-28.00000000,,,,,13.2600004E-3,-4.40000010,
,,,13.2800005E-3,-28.80000114,,,,,13.2800005E-3,-4.40000010,
,,,13.3000007E-3,-28.80000114,,,,,13.3000007E-3,-4.40000010,
,,,13.3200008E-3,-28.80000114,,,,,13.3200008E-3,-4.48000002,
,,,13.3400001E-3,-28.80000114,,,,,13.3400001E-3,-4.48000002,
,,,13.3600002E-3,-28.80000114,,,,,13.3600002E-3,-4.55999994,
,,,13.3800004E-3,-29.60000038,,,,,13.3800004E-3,-4.55999994,
,,,13.4000005E-3,-29.60000038,,,,,13.4000005E-3,-4.55999994,
,,,13.4200007E-3,-29.60000038,,,,,13.4200007E-3,-4.63999987,
,,,13.4400008E-3,-29.60000038,,,,,13.4400008E-3,-4.63999987,
,,,13.4600010E-3,-29.60000038,,,,,13.4600010E-3,-4.63999987,
,,,13.4800002E-3,-30.39999962,,,,,13.4800002E-3,-4.71999979,
,,,13.5000004E-3,-30.39999962,,,,,13.5000004E-3,-4.71999979,
,,,13.5200005E-3,-30.39999962,,,,,13.5200005E-3,-4.71999979,
,,,13.5400007E-3,-30.39999962,,,,,13.5400007E-3,-4.79999971,
,,,13.5600008E-3,-30.39999962,,,,,13.5600008E-3,-4.79999971,
,,,13.5800010E-3,-30.39999962,,,,,13.5800010E-3,-4.79999971,
,,,13.6000002E-3,-31.20000076,,,,,13.6000002E-3,-4.79999971,
,,,13.6200003E-3,-31.20000076,,,,,13.6200003E-3,-4.88000011,
,,,13.6400005E-3,-31.20000076,,,,,13.6400005E-3,-4.88000011,
,,,13.6600006E-3,-31.20000076,,,,,13.6600006E-3,-4.88000011,
,,,13.6800008E-3,-31.20000076,,,,,13.6800008E-3,-4.88000011,
,,,13.7000009E-3,-31.20000076,,,,,13.7000009E-3,-4.96000004,
,,,13.7200002E-3,-31.20000076,,,,,13.7200002E-3,-4.96000004,
,,,13.7400003E-3,-32.00000000,,,,,13.7400003E-3,-4.96000004,
,,,13.7600005E-3,-32.00000000,,,,,13.7600005E-3,-4.96000004,
,,,13.7800006E-3,-32.00000000,,,,,13.7800006E-3,-5.03999996,
,,,13.8000008E-3,-32.00000000,,,,,13.8000008E-3,-5.03999996,
,,,13.8200009E-3,-32.00000000,,,,,13.8200009E-3,-5.03999996,
,,,13.8400001E-3,-32.00000000,,,,,13.8400001E-3,-5.03999996,
,,,13.8600003E-3,-32.79999924,,,,,13.8600003E-3,-5.03999996,
,,,13.8800004E-3,-32.79999924,,,,,13.8800004E-3,-5.03999996,
,,,13.9000006E-3,-32.79999924,,,,,13.9000006E-3,-5.11999989,
,,,13.9200008E-3,-32.79999924,,,,,13.9200008E-3,-5.11999989,
,,,13.9400009E-3,-32.79999924,,,,,13.9400009E-3,-5.11999989,
,,,13.9600001E-3,-32.79999924,,,,,13.9600001E-3,-5.11999989,
,,,13.9800003E-3,-32.79999924,,,,,13.9800003E-3,-5.11999989,
,,,14.0000004E-3,-32.79999924,,,,,14.0000004E-3,-5.19999981,
,,,14.0200006E-3,-33.60000229,,,,,14.0200006E-3,-5.19999981,
,,,14.0400007E-3,-33.60000229,,,,,14.0400007E-3,-5.19999981,
,,,14.0600009E-3,-33.60000229,,,,,14.0600009E-3,-5.19999981,
,,,14.0800001E-3,-33.60000229,,,,,14.0800001E-3,-5.19999981,
,,,14.1000003E-3,-33.60000229,,,,,14.1000003E-3,-5.19999981,
,,,14.1200004E-3,-33.60000229,,,,,14.1200004E-3,-5.27999973,
,,,14.1400006E-3,-33.60000229,,,,,14.1400006E-3,-5.27999973,
,,,14.1600007E-3,-33.60000229,,,,,14.1600007E-3,-5.27999973,
,,,14.1800009E-3,-34.40000153,,,,,14.1800009E-3,-5.27999973,
,,,14.2000001E-3,-34.40000153,,,,,14.2000001E-3,-5.27999973,
,,,14.2200002E-3,-34.40000153,,,,,14.2200002E-3,-5.35999966,
,,,14.2400004E-3,-34.40000153,,,,,14.2400004E-3,-5.35999966,
,,,14.2600005E-3,-34.40000153,,,,,14.2600005E-3,-5.35999966,
,,,14.2800007E-3,-34.40000153,,,,,14.2800007E-3,-5.35999966,
,,,14.3000009E-3,-34.40000153,,,,,14.3000009E-3,-5.35999966,
,,,14.3200001E-3,-34.40000153,,,,,14.3200001E-3,-5.35999966,
,,,14.3400002E-3,-35.20000076,,,,,14.3400002E-3,-5.35999966,
,,,14.3600004E-3,-35.20000076,,,,,14.3600004E-3,-5.44000006,
,,,14.3800005E-3,-35.20000076,,,,,14.3800005E-3,-5.44000006,
,,,14.4000007E-3,-35.20000076,,,,,14.4000007E-3,-5.44000006,
,,,14.4200008E-3,-35.20000076,,,,,14.4200008E-3,-5.44000006,
,,,14.4400001E-3,-35.20000076,,,,,14.4400001E-3,-5.44000006,
,,,14.4600002E-3,-35.20000076,,,,,14.4600002E-3,-5.44000006,
,,,14.4800004E-3,-35.20000076,,,,,14.4800004E-3,-5.44000006,
,,,14.5000005E-3,-35.20000076,,,,,14.5000005E-3,-5.44000006,
,,,14.5200007E-3,-35.20000076,,,,,14.5200007E-3,-5.51999998,
,,,14.5400008E-3,-35.20000076,,,,,14.5400008E-3,-5.51999998,
,,,14.5600000E-3,-36.00000000,,,,,14.5600000E-3,-5.51999998,
,,,14.5800002E-3,-36.00000000,,,,,14.5800002E-3,-5.51999998,
,,,14.6000003E-3,-36.00000000,,,,,14.6000003E-3,-5.51999998,
,,,14.6200005E-3,-36.00000000,,,,,14.6200005E-3,-5.51999998,
,,,14.6400006E-3,-36.00000000,,,,,14.6400006E-3,-5.51999998,
,,,14.6600008E-3,-36.00000000,,,,,14.6600008E-3,-5.51999998,
,,,14.6800000E-3,-36.00000000,,,,,14.6800000E-3,-5.51999998,
,,,14.7000002E-3,-36.00000000,,,,,14.7000002E-3,-5.51999998,
,,,14.7200003E-3,-36.00000000,,,,,14.7200003E-3,-5.51999998,
,,,14.7400005E-3,-36.00000000,,,,,14.7400005E-3,-5.51999998,
,,,14.7600006E-3,-36.00000000,,,,,14.7600006E-3,-5.51999998,
,,,14.7800008E-3,-36.00000000,,,,,14.7800008E-3,-5.59999990,
,,,14.8000009E-3,-36.00000000,,,,,14.8000009E-3,-5.59999990,
,,,14.8200002E-3,-36.00000000,,,,,14.8200002E-3,-5.59999990,
,,,14.8400003E-3,-36.00000000,,,,,14.8400003E-3,-5.59999990,
,,,14.8600005E-3,-36.00000000,,,,,14.8600005E-3,-5.59999990,
,,,14.8800006E-3,-36.00000000,,,,,14.8800006E-3,-5.59999990,
,,,14.9000008E-3,-36.00000000,,,,,14.9000008E-3,-5.59999990,
,,,14.9200009E-3,-36.00000000,,,,,14.9200009E-3,-5.59999990,
,,,14.9400001E-3,-36.00000000,,,,,14.9400001E-3,-5.59999990,
,,,14.9600003E-3,-36.00000000,,,,,14.9600003E-3,-5.59999990,
,,,14.9800004E-3,-36.79999924,,,,,14.9800004E-3,-5.59999990,
,,,15.0000006E-3,-36.79999924,,,,,15.0000006E-3,-5.59999990,
,,,15.0200007E-3,-36.79999924,,,,,15.0200007E-3,-5.59999990,
,,,15.0400009E-3,-36.79999924,,,,,15.0400009E-3,-5.59999990,
,,,15.0600001E-3,-36.79999924,,,,,15.0600001E-3,-5.59999990,
,,,15.0800003E-3,-36.79999924,,,,,15.0800003E-3,-5.59999990,
,,,15.1000004E-3,-36.79999924,,,,,15.1000004E-3,-5.59999990,
,,,15.1200006E-3,-36.79999924,,,,,15.1200006E-3,-5.59999990,
,,,15.1400007E-3,-36.79999924,,,,,15.1400007E-3,-5.59999990,
,,,15.1600009E-3,-36.79999924,,,,,15.1600009E-3,-5.59999990,
,,,15.1800001E-3,-36.79999924,,,,,15.1800001E-3,-5.67999983,
,,,15.2000003E-3,-36.79999924,,,,,15.2000003E-3,-5.59999990,
,,,15.2200004E-3,-36.79999924,,,,,15.2200004E-3,-5.59999990,
,,,15.2400006E-3,-36.79999924,,,,,15.2400006E-3,-5.67999983,
,,,15.2600007E-3,-36.79999924,,,,,15.2600007E-3,-5.67999983,
,,,15.2800009E-3,-36.79999924,,,,,15.2800009E-3,-5.67999983,
,,,15.3000001E-3,-36.79999924,,,,,15.3000001E-3,-5.59999990,
,,,15.3200002E-3,-36.79999924,,,,,15.3200002E-3,-5.67999983,
,,,15.3400004E-3,-36.79999924,,,,,15.3400004E-3,-5.67999983,
,,,15.3600005E-3,-36.79999924,,,,,15.3600005E-3,-5.67999983,
,,,15.3800007E-3,-36.79999924,,,,,15.3800007E-3,-5.59999990,
,,,15.4000008E-3,-36.79999924,,,,,15.4000008E-3,-5.67999983,
,,,15.4200001E-3,-36.79999924,,,,,15.4200001E-3,-5.67999983,
,,,15.4400002E-3,-36.79999924,,,,,15.4400002E-3,-5.67999983,
,,,15.4600004E-3,-36.79999924,,,,,15.4600004E-3,-5.67999983,
,,,15.4800005E-3,-36.00000000,,,,,15.4800005E-3,-5.67999983,
,,,15.5000007E-3,-36.00000000,,,,,15.5000007E-3,-5.67999983,
,,,15.5200008E-3,-36.00000000,,,,,15.5200008E-3,-5.67999983,
,,,15.5400001E-3,-36.00000000,,,,,15.5400001E-3,-5.67999983,
,,,15.5600002E-3,-36.00000000,,,,,15.5600002E-3,-5.59999990,
,,,15.5800004E-3,-36.00000000,,,,,15.5800004E-3,-5.67999983,
,,,15.6000005E-3,-36.00000000,,,,,15.6000005E-3,-5.67999983,
,,,15.6200007E-3,-36.00000000,,,,,15.6200007E-3,-5.67999983,
,,,15.6399999E-3,-36.00000000,,,,,15.6399999E-3,-5.67999983,
,,,15.6600010E-3,-36.00000000,,,,,15.6600010E-3,-5.67999983,
,,,15.6800002E-3,-36.00000000,,,,,15.6800002E-3,-5.67999983,
,,,15.7000013E-3,-36.00000000,,,,,15.7000013E-3,-5.67999983,
,,,15.7200005E-3,-36.00000000,,,,,15.7200005E-3,-5.67999983,
,,,15.7399997E-3,-36.00000000,,,,,15.7399997E-3,-5.67999983,
,,,15.7600008E-3,-36.00000000,,,,,15.7600008E-3,-5.59999990,
,,,15.7800000E-3,-36.00000000,,,,,15.7800000E-3,-5.59999990,
,,,15.8000011E-3,-36.00000000,,,,,15.8000011E-3,-5.67999983,
,,,15.8200003E-3,-35.20000076,,,,,15.8200003E-3,-5.67999983,
,,,15.8399995E-3,-35.20000076,,,,,15.8399995E-3,-5.59999990,
,,,15.8600006E-3,-35.20000076,,,,,15.8600006E-3,-5.59999990,
,,,15.8799998E-3,-35.20000076,,,,,15.8799998E-3,-5.59999990,
,,,15.9000009E-3,-35.20000076,,,,,15.9000009E-3,-5.59999990,
,,,15.9200002E-3,-35.20000076,,,,,15.9200002E-3,-5.59999990,
,,,15.9400012E-3,-35.20000076,,,,,15.9400012E-3,-5.59999990,
,,,15.9600005E-3,-35.20000076,,,,,15.9600005E-3,-5.59999990,
,,,15.9799997E-3,-35.20000076,,,,,15.9799997E-3,-5.59999990,
,,,16.0000008E-3,-35.20000076,,,,,16.0000008E-3,-5.59999990,
,,,16.0200000E-3,-34.40000153,,,,,16.0200000E-3,-5.59999990,
,,,16.0400011E-3,-34.40000153,,,,,16.0400011E-3,-5.59999990,
,,,16.0600003E-3,-34.40000153,,,,,16.0600003E-3,-5.59999990,
,,,16.0800014E-3,-34.40000153,,,,,16.0800014E-3,-5.59999990,
,,,16.1000006E-3,-34.40000153,,,,,16.1000006E-3,-5.59999990,
,,,16.1199998E-3,-34.40000153,,,,,16.1199998E-3,-5.59999990,
,,,16.1400009E-3,-34.40000153,,,,,16.1400009E-3,-5.59999990,
,,,16.1600001E-3,-33.60000229,,,,,16.1600001E-3,-5.59999990,
,,,16.1800012E-3,-33.60000229,,,,,16.1800012E-3,-5.59999990,
,,,16.2000004E-3,-33.60000229,,,,,16.2000004E-3,-5.59999990,
,,,16.2199996E-3,-33.60000229,,,,,16.2199996E-3,-5.59999990,
,,,16.2400007E-3,-33.60000229,,,,,16.2400007E-3,-5.59999990,
,,,16.2599999E-3,-33.60000229,,,,,16.2599999E-3,-5.59999990,
,,,16.2800010E-3,-32.79999924,,,,,16.2800010E-3,-5.59999990,
,,,16.3000003E-3,-32.79999924,,,,,16.3000003E-3,-5.51999998,
,,,16.3200013E-3,-32.79999924,,,,,16.3200013E-3,-5.51999998,
,,,16.3400006E-3,-32.79999924,,,,,16.3400006E-3,-5.51999998,
,,,16.3599998E-3,-32.79999924,,,,,16.3599998E-3,-5.51999998,
,,,16.3800009E-3,-32.79999924,,,,,16.3800009E-3,-5.51999998,
,,,16.4000001E-3,-32.00000000,,,,,16.4000001E-3,-5.51999998,
,,,16.4200012E-3,-32.00000000,,,,,16.4200012E-3,-5.51999998,
,,,16.4400004E-3,-32.00000000,,,,,16.4400004E-3,-5.51999998,
,,,16.4599996E-3,-32.00000000,,,,,16.4599996E-3,-5.51999998,
,,,16.4800007E-3,-32.00000000,,,,,16.4800007E-3,-5.51999998,
,,,16.4999999E-3,-31.20000076,,,,,16.4999999E-3,-5.51999998,
,,,16.5200010E-3,-31.20000076,,,,,16.5200010E-3,-5.51999998,
,,,16.5400002E-3,-31.20000076,,,,,16.5400002E-3,-5.51999998,
,,,16.5600013E-3,-31.20000076,,,,,16.5600013E-3,-5.44000006,
,,,16.5800005E-3,-31.20000076,,,,,16.5800005E-3,-5.51999998,
,,,16.5999997E-3,-31.20000076,,,,,16.5999997E-3,-5.51999998,
,,,16.6200008E-3,-30.39999962,,,,,16.6200008E-3,-5.44000006,
,,,16.6400000E-3,-30.39999962,,,,,16.6400000E-3,-5.44000006,
,,,16.6600011E-3,-30.39999962,,,,,16.6600011E-3,-5.44000006,
,,,16.6800003E-3,-30.39999962,,,,,16.6800003E-3,-5.44000006,
,,,16.6999996E-3,-30.39999962,,,,,16.6999996E-3,-5.44000006,
,,,16.7200007E-3,-29.60000038,,,,,16.7200007E-3,-5.44000006,
,,,16.7399999E-3,-29.60000038,,,,,16.7399999E-3,-5.44000006,
,,,16.7600010E-3,-29.60000038,,,,,16.7600010E-3,-5.44000006,
,,,16.7800002E-3,-29.60000038,,,,,16.7800002E-3,-5.44000006,
,,,16.8000013E-3,-28.80000114,,,,,16.8000013E-3,-5.35999966,
,,,16.8200005E-3,-28.80000114,,,,,16.8200005E-3,-5.35999966,
,,,16.8399997E-3,-28.80000114,,,,,16.8399997E-3,-5.35999966,
,,,16.8600008E-3,-28.80000114,,,,,16.8600008E-3,-5.35999966,
,,,16.8800000E-3,-28.00000000,,,,,16.8800000E-3,-5.35999966,
,,,16.9000011E-3,-28.00000000,,,,,16.9000011E-3,-5.35999966,
,,,16.9200003E-3,-28.00000000,,,,,16.9200003E-3,-5.35999966,
,,,16.9399995E-3,-28.00000000,,,,,16.9399995E-3,-5.35999966,
,,,16.9600006E-3,-28.00000000,,,,,16.9600006E-3,-5.35999966,
,,,16.9799998E-3,-27.20000076,,,,,16.9799998E-3,-5.27999973,
,,,17.0000009E-3,-27.20000076,,,,,17.0000009E-3,-5.27999973,
,,,17.0200001E-3,-27.20000076,,,,,17.0200001E-3,-5.27999973,
,,,17.0400012E-3,-27.20000076,,,,,17.0400012E-3,-5.27999973,
,,,17.0600004E-3,-26.39999962,,,,,17.0600004E-3,-5.27999973,
,,,17.0799997E-3,-26.39999962,,,,,17.0799997E-3,-5.27999973,
,,,17.1000008E-3,-26.39999962,,,,,17.1000008E-3,-5.27999973,
,,,17.1200000E-3,-26.39999962,,,,,17.1200000E-3,-5.27999973,
,,,17.1400011E-3,-25.60000038,,,,,17.1400011E-3,-5.19999981,
,,,17.1600003E-3,-25.60000038,,,,,17.1600003E-3,-5.19999981,
,,,17.1799995E-3,-25.60000038,,,,,17.1799995E-3,-5.19999981,
,,,17.2000006E-3,-25.60000038,,,,,17.2000006E-3,-5.19999981,
,,,17.2199998E-3,-24.80000114,,,,,17.2199998E-3,-5.19999981,
,,,17.2400009E-3,-24.80000114,,,,,17.2400009E-3,-5.19999981,
,,,17.2600001E-3,-24.80000114,,,,,17.2600001E-3,-5.11999989,
,,,17.2800012E-3,-24.00000000,,,,,17.2800012E-3,-5.11999989,
,,,17.3000004E-3,-24.00000000,,,,,17.3000004E-3,-5.11999989,
,,,17.3199996E-3,-24.00000000,,,,,17.3199996E-3,-5.11999989,
,,,17.3400007E-3,-24.00000000,,,,,17.3400007E-3,-5.11999989,
,,,17.3599999E-3,-24.00000000,,,,,17.3599999E-3,-5.11999989,
,,,17.3800010E-3,-23.20000076,,,,,17.3800010E-3,-5.11999989,
,,,17.4000002E-3,-23.20000076,,,,,17.4000002E-3,-5.03999996,
,,,17.4200013E-3,-23.20000076,,,,,17.4200013E-3,-5.03999996,
,,,17.4400005E-3,-23.20000076,,,,,17.4400005E-3,-5.03999996,
,,,17.4599998E-3,-22.39999962,,,,,17.4599998E-3,-5.03999996,
,,,17.4800009E-3,-22.39999962,,,,,17.4800009E-3,-5.03999996,
,,,17.5000001E-3,-22.39999962,,,,,17.5000001E-3,-5.03999996,
,,,17.5200012E-3,-21.60000038,,,,,17.5200012E-3,-5.03999996,
,,,17.5400004E-3,-21.60000038,,,,,17.5400004E-3,-4.96000004,
,,,17.5599996E-3,-21.60000038,,,,,17.5599996E-3,-4.96000004,
,,,17.5800007E-3,-21.60000038,,,,,17.5800007E-3,-4.96000004,
,,,17.5999999E-3,-20.80000114,,,,,17.5999999E-3,-4.96000004,
,,,17.6200010E-3,-20.80000114,,,,,17.6200010E-3,-4.88000011,
,,,17.6400002E-3,-20.80000114,,,,,17.6400002E-3,-4.88000011,
,,,17.6600013E-3,-20.0000000,,,,,17.6600013E-3,-4.88000011,
,,,17.6800005E-3,-20.0000000,,,,,17.6800005E-3,-4.88000011,
,,,17.6999997E-3,-20.0000000,,,,,17.6999997E-3,-4.88000011,
,,,17.7200008E-3,-20.0000000,,,,,17.7200008E-3,-4.88000011,
,,,17.7400000E-3,-20.0000000,,,,,17.7400000E-3,-4.79999971,
,,,17.7600011E-3,-19.2000008,,,,,17.7600011E-3,-4.79999971,
,,,17.7800003E-3,-19.2000008,,,,,17.7800003E-3,-4.79999971,
,,,17.7999996E-3,-19.2000008,,,,,17.7999996E-3,-4.79999971,
,,,17.8200006E-3,-18.3999996,,,,,17.8200006E-3,-4.71999979,
,,,17.8399999E-3,-18.3999996,,,,,17.8399999E-3,-4.71999979,
,,,17.8600010E-3,-18.3999996,,,,,17.8600010E-3,-4.71999979,
,,,17.8800002E-3,-18.3999996,,,,,17.8800002E-3,-4.71999979,
,,,17.9000013E-3,-17.6000004,,,,,17.9000013E-3,-4.71999979,
,,,17.9200005E-3,-17.6000004,,,,,17.9200005E-3,-4.63999987,
,,,17.9399997E-3,-17.6000004,,,,,17.9399997E-3,-4.63999987,
,,,17.9600008E-3,-16.8000011,,,,,17.9600008E-3,-4.63999987,
,,,17.9800000E-3,-16.8000011,,,,,17.9800000E-3,-4.63999987,
,,,18.0000011E-3,-16.8000011,,,,,18.0000011E-3,-4.55999994,
,,,18.0200003E-3,-16.8000011,,,,,18.0200003E-3,-4.55999994,
,,,18.0399995E-3,-16.0000000,,,,,18.0399995E-3,-4.55999994,
,,,18.0600006E-3,-16.0000000,,,,,18.0600006E-3,-4.55999994,
,,,18.0799998E-3,-16.0000000,,,,,18.0799998E-3,-4.48000002,
,,,18.1000009E-3,-16.0000000,,,,,18.1000009E-3,-4.48000002,
,,,18.1200001E-3,-15.1999998,,,,,18.1200001E-3,-4.48000002,
,,,18.1400012E-3,-15.1999998,,,,,18.1400012E-3,-4.40000010,
,,,18.1600004E-3,-15.1999998,,,,,18.1600004E-3,-4.40000010,
,,,18.1799997E-3,-15.1999998,,,,,18.1799997E-3,-4.40000010,
,,,18.2000007E-3,-14.4000006,,,,,18.2000007E-3,-4.31999969,
,,,18.2200000E-3,-14.4000006,,,,,18.2200000E-3,-4.31999969,
,,,18.2400011E-3,-14.4000006,,,,,18.2400011E-3,-4.31999969,
,,,18.2600003E-3,-13.6000004,,,,,18.2600003E-3,-4.31999969,
,,,18.2799995E-3,-13.6000004,,,,,18.2799995E-3,-4.23999977,
,,,18.3000006E-3,-13.6000004,,,,,18.3000006E-3,-4.23999977,
,,,18.3199998E-3,-13.6000004,,,,,18.3199998E-3,-4.23999977,
,,,18.3400009E-3,-12.8000002,,,,,18.3400009E-3,-4.23999977,
,,,18.3600001E-3,-12.8000002,,,,,18.3600001E-3,-4.23999977,
,,,18.3800012E-3,-12.8000002,,,,,18.3800012E-3,-4.15999985,
,,,18.4000004E-3,-12.8000002,,,,,18.4000004E-3,-4.15999985,
,,,18.4199996E-3,-12.8000002,,,,,18.4199996E-3,-4.15999985,
,,,18.4400007E-3,-12.0000000,,,,,18.4400007E-3,-4.07999992,
,,,18.4599999E-3,-12.0000000,,,,,18.4599999E-3,-4.07999992,
,,,18.4800010E-3,-12.0000000,,,,,18.4800010E-3,-4.07999992,
,,,18.5000002E-3,-11.1999998,,,,,18.5000002E-3,-4.00000000,
,,,18.5200013E-3,-11.1999998,,,,,18.5200013E-3,-4.00000000,
,,,18.5400005E-3,-11.1999998,,,,,18.5400005E-3,-4.00000000,
,,,18.5599998E-3,-11.1999998,,,,,18.5599998E-3,-3.91999984,
,,,18.5800008E-3,-10.4000006,,,,,18.5800008E-3,-3.91999984,
,,,18.6000001E-3,-10.4000006,,,,,18.6000001E-3,-3.91999984,
,,,18.6200012E-3,-10.4000006,,,,,18.6200012E-3,-3.91999984,
,,,18.6400004E-3,-10.4000006,,,,,18.6400004E-3,-3.83999991,
,,,18.6599996E-3,-9.600000381,,,,,18.6599996E-3,-3.83999991,
,,,18.6800007E-3,-9.600000381,,,,,18.6800007E-3,-3.75999999,
,,,18.6999999E-3,-9.600000381,,,,,18.6999999E-3,-3.75999999,
,,,18.7200010E-3,-9.600000381,,,,,18.7200010E-3,-3.75999999,
,,,18.7400002E-3,-8.800000191,,,,,18.7400002E-3,-3.75999999,
,,,18.7600013E-3,-8.800000191,,,,,18.7600013E-3,-3.67999983,
,,,18.7800005E-3,-8.800000191,,,,,18.7800005E-3,-3.67999983,
,,,18.7999997E-3,-8.000000000,,,,,18.7999997E-3,-3.59999990,
,,,18.8200008E-3,-8.000000000,,,,,18.8200008E-3,-3.59999990,
,,,18.8400000E-3,-8.000000000,,,,,18.8400000E-3,-3.59999990,
,,,18.8600011E-3,-8.000000000,,,,,18.8600011E-3,-3.51999998,
,,,18.8800003E-3,-7.20000029,,,,,18.8800003E-3,-3.51999998,
,,,18.8999996E-3,-7.20000029,,,,,18.8999996E-3,-3.51999998,
,,,18.9200006E-3,-7.20000029,,,,,18.9200006E-3,-3.43999982,
,,,18.9399999E-3,-7.20000029,,,,,18.9399999E-3,-3.43999982,
,,,18.9600009E-3,-6.40000010,,,,,18.9600009E-3,-3.43999982,
,,,18.9800002E-3,-6.40000010,,,,,18.9800002E-3,-3.43999982,
,,,19.0000013E-3,-6.40000010,,,,,19.0000013E-3,-3.35999990,
,,,19.0200005E-3,-6.40000010,,,,,19.0200005E-3,-3.35999990,
,,,19.0399997E-3,-5.59999990,,,,,19.0399997E-3,-3.27999997,
,,,19.0600008E-3,-5.59999990,,,,,19.0600008E-3,-3.27999997,
,,,19.0800000E-3,-5.59999990,,,,,19.0800000E-3,-3.27999997,
,,,19.1000011E-3,-5.59999990,,,,,19.1000011E-3,-3.19999981,
,,,19.1200003E-3,-4.80000019,,,,,19.1200003E-3,-3.19999981,
,,,19.1399995E-3,-4.80000019,,,,,19.1399995E-3,-3.19999981,
,,,19.1600006E-3,-4.80000019,,,,,19.1600006E-3,-3.11999989,
,,,19.1799998E-3,-4.80000019,,,,,19.1799998E-3,-3.11999989,
,,,19.2000009E-3,-4.80000019,,,,,19.2000009E-3,-3.03999996,
,,,19.2200001E-3,-4.00000000,,,,,19.2200001E-3,-3.03999996,
,,,19.2400012E-3,-4.00000000,,,,,19.2400012E-3,-2.96000004,
,,,19.2600004E-3,-4.00000000,,,,,19.2600004E-3,-2.96000004,
,,,19.2799997E-3,-3.20000005,,,,,19.2799997E-3,-2.96000004,
,,,19.3000007E-3,-3.20000005,,,,,19.3000007E-3,-2.87999988,
,,,19.3200000E-3,-3.20000005,,,,,19.3200000E-3,-2.87999988,
,,,19.3400010E-3,-3.20000005,,,,,19.3400010E-3,-2.79999995,
,,,19.3600003E-3,-2.4000001,,,,,19.3600003E-3,-2.79999995,
,,,19.3799995E-3,-2.4000001,,,,,19.3799995E-3,-2.79999995,
,,,19.4000006E-3,-2.4000001,,,,,19.4000006E-3,-2.72000003,
,,,19.4199998E-3,-2.4000001,,,,,19.4199998E-3,-2.72000003,
,,,19.4400009E-3,-2.4000001,,,,,19.4400009E-3,-2.6399999,
,,,19.4600001E-3,-1.6000000,,,,,19.4600001E-3,-2.6399999,
,,,19.4800012E-3,-1.6000000,,,,,19.4800012E-3,-2.6399999,
,,,19.5000004E-3,-1.6000000,,,,,19.5000004E-3,-2.5599999,
,,,19.5199996E-3,-1.6000000,,,,,19.5199996E-3,-2.5599999,
,,,19.5400007E-3,-800.000011921E-3,,,,,19.5400007E-3,-2.4800000,
,,,19.5599999E-3,-800.000011921E-3,,,,,19.5599999E-3,-2.4800000,
,,,19.5800010E-3,-800.000011921E-3,,,,,19.5800010E-3,-2.4800000,
,,,19.6000002E-3,0.0,,,,,19.6000002E-3,-2.3999999,
,,,19.6199995E-3,0.0,,,,,19.6199995E-3,-2.3999999,
,,,19.6400005E-3,0.0,,,,,19.6400005E-3,-2.3199999,
,,,19.6599998E-3,0.0,,,,,19.6599998E-3,-2.3199999,
,,,19.6800008E-3,800.000011921E-3,,,,,19.6800008E-3,-2.3199999,
,,,19.7000001E-3,800.000011921E-3,,,,,19.7000001E-3,-2.2400000,
,,,19.7200011E-3,800.000011921E-3,,,,,19.7200011E-3,-2.2400000,
,,,19.7400004E-3,800.000011921E-3,,,,,19.7400004E-3,-2.1599998,
,,,19.7599996E-3,1.6000000,,,,,19.7599996E-3,-2.1599998,
,,,19.7800007E-3,1.6000000,,,,,19.7800007E-3,-2.0799999,
,,,19.7999999E-3,1.6000000,,,,,19.7999999E-3,-2.0799999,
,,,19.8200010E-3,1.6000000,,,,,19.8200010E-3,-2.0000000,
,,,19.8400002E-3,1.6000000,,,,,19.8400002E-3,-2.0000000,
,,,19.8600013E-3,2.4000001,,,,,19.8600013E-3,-2.0000000,
,,,19.8800005E-3,2.4000001,,,,,19.8800005E-3,-1.9200000,
,,,19.8999997E-3,2.4000001,,,,,19.8999997E-3,-1.9200000,
,,,19.9200008E-3,2.4000001,,,,,19.9200008E-3,-1.8399999,
,,,19.9400000E-3,2.4000001,,,,,19.9400000E-3,-1.8399999,
,,,19.9600011E-3,2.4000001,,,,,19.9600011E-3,-1.7600000,
,,,19.9800003E-3,3.20000005,,,,,19.9800003E-3,-1.7600000,
,,,19.9999996E-3,3.20000005,,,,,19.9999996E-3,-1.7600000,
,,,20.0200006E-3,3.20000005,,,,,20.0200006E-3,-1.6799999,
,,,20.0399999E-3,3.20000005,,,,,20.0399999E-3,-1.6799999,
,,,20.0600009E-3,4.00000000,,,,,20.0600009E-3,-1.5999999,
,,,20.0800002E-3,4.00000000,,,,,20.0800002E-3,-1.5999999,
,,,20.10000125E-3,4.00000000,,,,,20.10000125E-3,-1.5200000,
,,,20.12000047E-3,4.00000000,,,,,20.12000047E-3,-1.4399999,
,,,20.13999969E-3,4.80000019,,,,,20.13999969E-3,-1.4399999,
,,,20.16000077E-3,4.80000019,,,,,20.16000077E-3,-1.3600000,
,,,20.17999999E-3,4.80000019,,,,,20.17999999E-3,-1.3600000,
,,,20.20000108E-3,4.80000019,,,,,20.20000108E-3,-1.2800000,
,,,20.22000030E-3,4.80000019,,,,,20.22000030E-3,-1.2800000,
,,,20.23999952E-3,5.59999990,,,,,20.23999952E-3,-1.1999999,
,,,20.26000060E-3,5.59999990,,,,,20.26000060E-3,-1.1999999,
,,,20.27999982E-3,5.59999990,,,,,20.27999982E-3,-1.1200000,
,,,20.30000091E-3,5.59999990,,,,,20.30000091E-3,-1.1200000,
,,,20.32000013E-3,6.40000010,,,,,20.32000013E-3,-1.0400000,
,,,20.34000121E-3,6.40000010,,,,,20.34000121E-3,-1.0400000,
,,,20.36000043E-3,6.40000010,,,,,20.36000043E-3,-1.0400000,
,,,20.37999965E-3,6.40000010,,,,,20.37999965E-3,-959.999978542E-3,
,,,20.40000074E-3,6.40000010,,,,,20.40000074E-3,-959.999978542E-3,
,,,20.41999996E-3,7.20000029,,,,,20.41999996E-3,-879.999995232E-3,
,,,20.44000104E-3,7.20000029,,,,,20.44000104E-3,-879.999995232E-3,
,,,20.46000026E-3,7.20000029,,,,,20.46000026E-3,-799.999952316E-3,
,,,20.47999948E-3,7.20000029,,,,,20.47999948E-3,-799.999952316E-3,
,,,20.50000057E-3,8.000000000,,,,,20.50000057E-3,-719.999969006E-3,
,,,20.51999979E-3,8.000000000,,,,,20.51999979E-3,-719.999969006E-3,
,,,20.54000087E-3,8.000000000,,,,,20.54000087E-3,-639.999985695E-3,
,,,20.56000009E-3,8.000000000,,,,,20.56000009E-3,-639.999985695E-3,
,,,20.58000118E-3,8.000000000,,,,,20.58000118E-3,-560.000002384E-3,
,,,20.60000040E-3,8.000000000,,,,,20.60000040E-3,-560.000002384E-3,
,,,20.61999962E-3,8.800000191,,,,,20.61999962E-3,-479.999989271E-3,
,,,20.64000070E-3,8.800000191,,,,,20.64000070E-3,-399.99997616E-3,
,,,20.65999992E-3,8.800000191,,,,,20.65999992E-3,-399.99997616E-3,
,,,20.68000101E-3,8.800000191,,,,,20.68000101E-3,-319.99999285E-3,
,,,20.70000023E-3,8.800000191,,,,,20.70000023E-3,-319.99999285E-3,
,,,20.71999945E-3,9.600000381,,,,,20.71999945E-3,-239.99999464E-3,
,,,20.74000053E-3,9.600000381,,,,,20.74000053E-3,-239.99999464E-3,
,,,20.75999975E-3,9.600000381,,,,,20.75999975E-3,-159.99999642E-3,
,,,20.78000084E-3,9.600000381,,,,,20.78000084E-3,-159.99999642E-3,
,,,20.80000006E-3,9.600000381,,,,,20.80000006E-3,-79.999998212E-3,
,,,20.82000114E-3,9.600000381,,,,,20.82000114E-3,0.0,
,,,20.84000036E-3,9.600000381,,,,,20.84000036E-3,0.0,
,,,20.85999958E-3,10.4000006,,,,,20.85999958E-3,79.999998212E-3,
,,,20.88000067E-3,10.4000006,,,,,20.88000067E-3,79.999998212E-3,
,,,20.89999989E-3,10.4000006,,,,,20.89999989E-3,159.99999642E-3,
,,,20.92000097E-3,10.4000006,,,,,20.92000097E-3,159.99999642E-3,
,,,20.94000019E-3,10.4000006,,,,,20.94000019E-3,239.99999464E-3,
,,,20.95999941E-3,10.4000006,,,,,20.95999941E-3,239.99999464E-3,
,,,20.98000050E-3,10.4000006,,,,,20.98000050E-3,319.99999285E-3,
,,,20.99999972E-3,11.1999998,,,,,20.99999972E-3,319.99999285E-3,
,,,21.02000080E-3,11.1999998,,,,,21.02000080E-3,399.99997616E-3,
,,,21.04000002E-3,11.1999998,,,,,21.04000002E-3,399.99997616E-3,
,,,21.06000111E-3,11.1999998,,,,,21.06000111E-3,479.999989271E-3,
,,,21.08000033E-3,11.1999998,,,,,21.08000033E-3,479.999989271E-3,
,,,21.09999955E-3,12.0000000,,,,,21.09999955E-3,560.000002384E-3,
,,,21.12000063E-3,12.0000000,,,,,21.12000063E-3,560.000002384E-3,
,,,21.13999985E-3,12.0000000,,,,,21.13999985E-3,639.999985695E-3,
,,,21.16000094E-3,12.0000000,,,,,21.16000094E-3,639.999985695E-3,
,,,21.18000016E-3,12.0000000,,,,,21.18000016E-3,719.999969006E-3,
,,,21.20000124E-3,12.0000000,,,,,21.20000124E-3,719.999969006E-3,
,,,21.22000046E-3,12.8000002,,,,,21.22000046E-3,799.999952316E-3,
,,,21.23999968E-3,12.8000002,,,,,21.23999968E-3,799.999952316E-3,
,,,21.26000077E-3,12.8000002,,,,,21.26000077E-3,879.999995232E-3,
,,,21.27999999E-3,12.8000002,,,,,21.27999999E-3,959.999978542E-3,
,,,21.30000107E-3,12.8000002,,,,,21.30000107E-3,959.999978542E-3,
,,,21.32000029E-3,13.6000004,,,,,21.32000029E-3,1.0400000,
,,,21.33999951E-3,13.6000004,,,,,21.33999951E-3,1.0400000,
,,,21.36000060E-3,13.6000004,,,,,21.36000060E-3,1.1200000,
,,,21.37999982E-3,13.6000004,,,,,21.37999982E-3,1.1200000,
,,,21.40000090E-3,13.6000004,,,,,21.40000090E-3,1.1999999,
,,,21.42000012E-3,14.4000006,,,,,21.42000012E-3,1.1999999,
,,,21.44000120E-3,14.4000006,,,,,21.44000120E-3,1.2800000,
,,,21.46000043E-3,14.4000006,,,,,21.46000043E-3,1.2800000,
,,,21.47999965E-3,14.4000006,,,,,21.47999965E-3,1.3600000,
,,,21.50000073E-3,14.4000006,,,,,21.50000073E-3,1.3600000,
,,,21.51999995E-3,14.4000006,,,,,21.51999995E-3,1.3600000,
,,,21.54000103E-3,15.1999998,,,,,21.54000103E-3,1.4399999,
,,,21.56000026E-3,15.1999998,,,,,21.56000026E-3,1.5200000,
,,,21.57999948E-3,15.1999998,,,,,21.57999948E-3,1.5200000,
,,,21.60000056E-3,15.1999998,,,,,21.60000056E-3,1.5999999,
,,,21.61999978E-3,15.1999998,,,,,21.61999978E-3,1.5999999,
,,,21.64000086E-3,15.1999998,,,,,21.64000086E-3,1.6799999,
,,,21.66000009E-3,16.0000000,,,,,21.66000009E-3,1.6799999,
,,,21.68000117E-3,16.0000000,,,,,21.68000117E-3,1.7600000,
,,,21.70000039E-3,16.0000000,,,,,21.70000039E-3,1.8399999,
,,,21.71999961E-3,16.0000000,,,,,21.71999961E-3,1.8399999,
,,,21.74000069E-3,16.0000000,,,,,21.74000069E-3,1.9200000,
,,,21.75999992E-3,16.8000011,,,,,21.75999992E-3,1.9200000,
,,,21.78000100E-3,16.8000011,,,,,21.78000100E-3,2.0000000,
,,,21.80000022E-3,16.8000011,,,,,21.80000022E-3,2.0000000,
,,,21.81999944E-3,16.8000011,,,,,21.81999944E-3,2.0000000,
,,,21.84000053E-3,16.8000011,,,,,21.84000053E-3,2.0799999,
,,,21.85999975E-3,17.6000004,,,,,21.85999975E-3,2.0799999,
,,,21.88000083E-3,17.6000004,,,,,21.88000083E-3,2.1599998,
,,,21.90000005E-3,17.6000004,,,,,21.90000005E-3,2.1599998,
,,,21.92000113E-3,17.6000004,,,,,21.92000113E-3,2.2400000,
,,,21.94000036E-3,17.6000004,,,,,21.94000036E-3,2.2400000,
,,,21.95999958E-3,17.6000004,,,,,21.95999958E-3,2.3199999,
,,,21.98000066E-3,18.3999996,,,,,21.98000066E-3,2.3199999,
,,,21.99999988E-3,18.3999996,,,,,21.99999988E-3,2.3999999,
,,,22.02000096E-3,18.3999996,,,,,22.02000096E-3,2.3999999,
,,,22.04000019E-3,18.3999996,,,,,22.04000019E-3,2.4800000,
,,,22.05999941E-3,18.3999996,,,,,22.05999941E-3,2.4800000,
,,,22.08000049E-3,18.3999996,,,,,22.08000049E-3,2.5599999,
,,,22.09999971E-3,19.2000008,,,,,22.09999971E-3,2.5599999,
,,,22.12000079E-3,19.2000008,,,,,22.12000079E-3,2.5599999,
,,,22.14000002E-3,19.2000008,,,,,22.14000002E-3,2.6399999,
,,,22.16000110E-3,19.2000008,,,,,22.16000110E-3,2.72000003,
,,,22.18000032E-3,19.2000008,,,,,22.18000032E-3,2.72000003,
,,,22.19999954E-3,20.0000000,,,,,22.19999954E-3,2.72000003,
,,,22.22000062E-3,20.0000000,,,,,22.22000062E-3,2.79999995,
,,,22.23999985E-3,20.0000000,,,,,22.23999985E-3,2.79999995,
,,,22.26000093E-3,20.0000000,,,,,22.26000093E-3,2.87999988,
,,,22.28000015E-3,20.80000114,,,,,22.28000015E-3,2.87999988,
,,,22.29999937E-3,20.80000114,,,,,22.29999937E-3,2.87999988,
,,,22.32000045E-3,20.80000114,,,,,22.32000045E-3,2.96000004,
,,,22.33999968E-3,20.80000114,,,,,22.33999968E-3,2.96000004,
,,,22.36000076E-3,20.80000114,,,,,22.36000076E-3,3.03999996,
,,,22.37999998E-3,21.60000038,,,,,22.37999998E-3,3.11999989,
,,,22.40000106E-3,21.60000038,,,,,22.40000106E-3,3.11999989,
,,,22.42000028E-3,21.60000038,,,,,22.42000028E-3,3.11999989,
,,,22.43999951E-3,21.60000038,,,,,22.43999951E-3,3.19999981,
,,,22.46000059E-3,22.39999962,,,,,22.46000059E-3,3.19999981,
,,,22.47999981E-3,22.39999962,,,,,22.47999981E-3,3.27999997,
,,,22.50000089E-3,22.39999962,,,,,22.50000089E-3,3.27999997,
,,,22.52000012E-3,22.39999962,,,,,22.52000012E-3,3.35999990,
,,,22.54000120E-3,22.39999962,,,,,22.54000120E-3,3.35999990,
,,,22.56000042E-3,23.20000076,,,,,22.56000042E-3,3.35999990,
,,,22.57999964E-3,23.20000076,,,,,22.57999964E-3,3.43999982,
,,,22.60000072E-3,23.20000076,,,,,22.60000072E-3,3.43999982,
,,,22.61999995E-3,23.20000076,,,,,22.61999995E-3,3.43999982,
,,,22.64000103E-3,24.00000000,,,,,22.64000103E-3,3.51999998,
,,,22.66000025E-3,24.00000000,,,,,22.66000025E-3,3.51999998,
,,,22.67999947E-3,24.00000000,,,,,22.67999947E-3,3.59999990,
,,,22.70000055E-3,24.00000000,,,,,22.70000055E-3,3.59999990,
,,,22.71999978E-3,24.00000000,,,,,22.71999978E-3,3.59999990,
,,,22.74000086E-3,24.80000114,,,,,22.74000086E-3,3.67999983,
,,,22.76000008E-3,24.80000114,,,,,22.76000008E-3,3.67999983,
,,,22.78000116E-3,24.80000114,,,,,22.78000116E-3,3.67999983,
,,,22.80000038E-3,24.80000114,,,,,22.80000038E-3,3.75999999,
,,,22.81999961E-3,25.60000038,,,,,22.81999961E-3,3.75999999,
,,,22.84000069E-3,25.60000038,,,,,22.84000069E-3,3.75999999,
,,,22.85999991E-3,25.60000038,,,,,22.85999991E-3,3.83999991,
,,,22.88000099E-3,25.60000038,,,,,22.88000099E-3,3.83999991,
,,,22.90000021E-3,25.60000038,,,,,22.90000021E-3,3.83999991,
,,,22.91999944E-3,26.39999962,,,,,22.91999944E-3,3.91999984,
,,,22.94000052E-3,26.39999962,,,,,22.94000052E-3,3.91999984,
,,,22.95999974E-3,26.39999962,,,,,22.95999974E-3,4.00000000,
,,,22.98000082E-3,26.39999962,,,,,22.98000082E-3,4.00000000,
,,,23.00000004E-3,26.39999962,,,,,23.00000004E-3,4.00000000,
,,,23.02000113E-3,26.39999962,,,,,23.02000113E-3,4.07999992,
,,,23.04000035E-3,27.20000076,,,,,23.04000035E-3,4.07999992,
,,,23.05999957E-3,27.20000076,,,,,23.05999957E-3,4.07999992,
,,,23.08000065E-3,27.20000076,,,,,23.08000065E-3,4.15999985,
,,,23.09999987E-3,27.20000076,,,,,23.09999987E-3,4.15999985,
,,,23.12000096E-3,28.00000000,,,,,23.12000096E-3,4.15999985,
,,,23.14000018E-3,28.00000000,,,,,23.14000018E-3,4.23999977,
,,,23.15999940E-3,28.00000000,,,,,23.15999940E-3,4.23999977,
,,,23.18000048E-3,28.00000000,,,,,23.18000048E-3,4.23999977,
,,,23.19999970E-3,28.00000000,,,,,23.19999970E-3,4.31999969,
,,,23.22000079E-3,28.80000114,,,,,23.22000079E-3,4.31999969,
,,,23.24000001E-3,28.80000114,,,,,23.24000001E-3,4.31999969,
,,,23.26000109E-3,28.80000114,,,,,23.26000109E-3,4.40000010,
,,,23.28000031E-3,28.80000114,,,,,23.28000031E-3,4.40000010,
,,,23.29999954E-3,28.80000114,,,,,23.29999954E-3,4.48000002,
,,,23.32000062E-3,29.60000038,,,,,23.32000062E-3,4.48000002,
,,,23.33999984E-3,29.60000038,,,,,23.33999984E-3,4.48000002,
,,,23.36000092E-3,29.60000038,,,,,23.36000092E-3,4.48000002,
,,,23.38000014E-3,29.60000038,,,,,23.38000014E-3,4.55999994,
,,,23.39999937E-3,29.60000038,,,,,23.39999937E-3,4.55999994,
,,,23.42000045E-3,29.60000038,,,,,23.42000045E-3,4.55999994,
,,,23.43999967E-3,30.39999962,,,,,23.43999967E-3,4.63999987,
,,,23.46000075E-3,30.39999962,,,,,23.46000075E-3,4.63999987,
,,,23.47999997E-3,30.39999962,,,,,23.47999997E-3,4.63999987,
,,,23.50000106E-3,30.39999962,,,,,23.50000106E-3,4.63999987,
,,,23.52000028E-3,31.20000076,,,,,23.52000028E-3,4.71999979,
,,,23.53999950E-3,31.20000076,,,,,23.53999950E-3,4.71999979,
,,,23.56000058E-3,31.20000076,,,,,23.56000058E-3,4.71999979,
,,,23.57999980E-3,31.20000076,,,,,23.57999980E-3,4.79999971,
,,,23.60000089E-3,31.20000076,,,,,23.60000089E-3,4.79999971,
,,,23.62000011E-3,31.20000076,,,,,23.62000011E-3,4.79999971,
,,,23.63999933E-3,32.00000000,,,,,23.63999933E-3,4.79999971,
,,,23.66000041E-3,32.00000000,,,,,23.66000041E-3,4.88000011,
,,,23.67999963E-3,32.00000000,,,,,23.67999963E-3,4.88000011,
,,,23.70000072E-3,32.00000000,,,,,23.70000072E-3,4.88000011,
,,,23.71999994E-3,32.00000000,,,,,23.71999994E-3,4.88000011,
,,,23.74000102E-3,32.00000000,,,,,23.74000102E-3,4.96000004,
,,,23.76000024E-3,32.00000000,,,,,23.76000024E-3,4.96000004,
,,,23.77999946E-3,32.79999924,,,,,23.77999946E-3,4.96000004,
,,,23.80000055E-3,32.79999924,,,,,23.80000055E-3,4.96000004,
,,,23.81999977E-3,32.79999924,,,,,23.81999977E-3,4.96000004,
,,,23.84000085E-3,32.79999924,,,,,23.84000085E-3,5.03999996,
,,,23.86000007E-3,32.79999924,,,,,23.86000007E-3,5.03999996,
,,,23.88000116E-3,32.79999924,,,,,23.88000116E-3,5.03999996,
,,,23.90000038E-3,33.60000229,,,,,23.90000038E-3,5.03999996,
,,,23.91999960E-3,33.60000229,,,,,23.91999960E-3,5.11999989,
,,,23.94000068E-3,33.60000229,,,,,23.94000068E-3,5.11999989,
,,,23.95999990E-3,33.60000229,,,,,23.95999990E-3,5.11999989,
,,,23.98000099E-3,33.60000229,,,,,23.98000099E-3,5.11999989,
,,,24.00000021E-3,33.60000229,,,,,24.00000021E-3,5.11999989,
,,,24.01999943E-3,33.60000229,,,,,24.01999943E-3,5.19999981,
,,,24.04000051E-3,33.60000229,,,,,24.04000051E-3,5.19999981,
,,,24.05999973E-3,33.60000229,,,,,24.05999973E-3,5.19999981,
,,,24.08000082E-3,33.60000229,,,,,24.08000082E-3,5.19999981,
,,,24.10000004E-3,34.40000153,,,,,24.10000004E-3,5.19999981,
,,,24.12000112E-3,34.40000153,,,,,24.12000112E-3,5.19999981,
,,,24.14000034E-3,34.40000153,,,,,24.14000034E-3,5.27999973,
,,,24.15999956E-3,34.40000153,,,,,24.15999956E-3,5.27999973,
,,,24.18000065E-3,34.40000153,,,,,24.18000065E-3,5.27999973,
,,,24.19999987E-3,34.40000153,,,,,24.19999987E-3,5.27999973,
,,,24.22000095E-3,34.40000153,,,,,24.22000095E-3,5.27999973,
,,,24.24000017E-3,34.40000153,,,,,24.24000017E-3,5.27999973,
,,,24.25999939E-3,35.20000076,,,,,24.25999939E-3,5.27999973,
,,,24.28000048E-3,35.20000076,,,,,24.28000048E-3,5.27999973,
,,,24.29999970E-3,35.20000076,,,,,24.29999970E-3,5.35999966,
,,,24.32000078E-3,35.20000076,,,,,24.32000078E-3,5.35999966,
,,,24.34000000E-3,35.20000076,,,,,24.34000000E-3,5.35999966,
,,,24.36000109E-3,35.20000076,,,,,24.36000109E-3,5.35999966,
,,,24.38000031E-3,35.20000076,,,,,24.38000031E-3,5.35999966,
,,,24.39999953E-3,35.20000076,,,,,24.39999953E-3,5.35999966,
,,,24.42000061E-3,36.00000000,,,,,24.42000061E-3,5.35999966,
,,,24.43999983E-3,36.00000000,,,,,24.43999983E-3,5.35999966,
,,,24.46000092E-3,36.00000000,,,,,24.46000092E-3,5.35999966,
,,,24.48000014E-3,36.00000000,,,,,24.48000014E-3,5.44000006,
,,,24.49999936E-3,36.00000000,,,,,24.49999936E-3,5.44000006,
,,,24.52000044E-3,36.00000000,,,,,24.52000044E-3,5.44000006,
,,,24.53999966E-3,36.00000000,,,,,24.53999966E-3,5.44000006,
,,,24.56000075E-3,36.00000000,,,,,24.56000075E-3,5.44000006,
,,,24.57999997E-3,36.00000000,,,,,24.57999997E-3,5.44000006,
,,,24.60000105E-3,36.00000000,,,,,24.60000105E-3,5.44000006,
,,,24.62000027E-3,36.00000000,,,,,24.62000027E-3,5.44000006,
,,,24.63999949E-3,36.00000000,,,,,24.63999949E-3,5.44000006,
,,,24.66000058E-3,36.79999924,,,,,24.66000058E-3,5.44000006,
,,,24.67999980E-3,36.79999924,,,,,24.67999980E-3,5.51999998,
,,,24.70000088E-3,36.79999924,,,,,24.70000088E-3,5.51999998,
,,,24.72000010E-3,36.79999924,,,,,24.72000010E-3,5.51999998,
,,,24.73999932E-3,36.79999924,,,,,24.73999932E-3,5.51999998,
,,,24.76000041E-3,36.79999924,,,,,24.76000041E-3,5.51999998,
,,,24.77999963E-3,36.79999924,,,,,24.77999963E-3,5.51999998,
,,,24.80000071E-3,36.79999924,,,,,24.80000071E-3,5.51999998,
,,,24.81999993E-3,36.79999924,,,,,24.81999993E-3,5.51999998,
,,,24.84000102E-3,36.79999924,,,,,24.84000102E-3,5.51999998,
,,,24.86000024E-3,36.79999924,,,,,24.86000024E-3,5.51999998,
,,,24.87999946E-3,36.79999924,,,,,24.87999946E-3,5.51999998,
,,,24.90000054E-3,36.79999924,,,,,24.90000054E-3,5.51999998,
,,,24.91999976E-3,36.79999924,,,,,24.91999976E-3,5.51999998,
,,,24.94000085E-3,36.79999924,,,,,24.94000085E-3,5.51999998,
,,,24.96000007E-3,36.79999924,,,,,24.96000007E-3,5.59999990,
,,,24.98000115E-3,36.79999924,,,,,24.98000115E-3,5.59999990,
